6.760462152822627 3.430876025875134
-9.560876986984548 -10.703285014141628
-8.823013028646473 8.679433506843552
6.574583629708344 4.009262218401935
-8.91545026231878 -8.806721099210051
-10.307567881619862 -9.370703802978115
-9.14254764568783 7.891051708294637
5.064988128819669 6.312840008279904
-9.547047507197208 -6.362431174361317
-9.379895158201299 -10.063802525726427
3.8449222219071273 7.97016140017062
4.784261609820538 8.607466742190237
7.549668124602796 3.6491223467693907
8.246158723844712 2.058781433572274
-6.546117992069094 -10.600784859959225
0.9336191870769777 0.1144195258507345
3.9639779300526152 7.730432154962111
-9.178519071203487 -10.280873691304969
-9.151715720728616 -8.168774149933574
-0.3983510456195007 -1.7507992759334077
1.655875625270982 -0.6784879357068795
7.860613201005822 1.9930432424500641
1.2523249895641857 0.138830625953774
0.10178596438752296 0.4376767957500206
3.3457272587035156 7.2956420485556785
-0.6005978547793558 -0.9949754726301189
-8.357909874400177 -9.35514820323075
-8.302522362115825 10.051693331416958
-11.24132399592408 7.5610486552365455
-1.4972577779762286 0.4972447897471056
-10.673060522647056 -9.005939402119076
4.11678955733429 5.923630402558953
-10.392315512023094 9.356220877423814
3.8748265682404766 6.195644999135957
4.4667131449043 9.1719690477321
-0.2801512209293231 0.529736938732609
-1.4932703710839603 -0.2646326629126083
-9.147445643625558 -9.875675053438194
6.326265410523488 4.45696795778977
3.2801993040954436 8.397144917341214
-11.071366095651928 -10.560862430192124
5.760031218715661 2.6576134176435966
-1.5449872803935776 0.2465763543834455
-3.810331482893449 -0.4176728441894922
-0.4330600664945241 2.3101667865758553
-7.73572504375484 10.032198456046649
3.79406299232521 8.61433579440973
-1.4072911508883374 0.614286114831982
-9.803550114883382 -9.556426715019752
-8.614153276357595 9.191745564782964
-10.289361475916195 9.946242072378574
8.082343581277849 1.8845791241798024
3.9443426393593506 8.386852915094742
-9.586494183336939 9.940545488689477
0.4248469690840071 0.0956519385944391
0.04042920399502303 0.22418165128671436
5.5531796885920865 7.021219947703737
-9.0473307223645 9.826069986727145
-7.944503074526447 6.672541665185069
-1.4855922671274873 -0.3790795108298287
0.28406687201606284 0.1944584171014283
6.045926118503417 8.827843938061713
7.217911802262215 2.572092247273561
-8.49810473173285 10.286913880704763
-9.080027009880725 -10.155738097084411
8.488805647499317 1.8573952013786905
-0.24209704739256288 0.6760272862899244
6.3836574762871 7.126989456006873
0.4862302313773845 -0.48820066537050727
-9.508145356930756 7.851258070143924
6.7497581238443995 4.6289111829830105
4.680462445440321 8.966740062423273
6.0257538344952435 6.916984336506689
-9.461962149717461 10.426649880620268
6.380305121924543 3.520494766020269
-1.6159451984071667 2.3010177697819745
3.941791329913215 7.8066326591366
-9.04571067526925 -8.962637049709112
-9.809459268823497 9.494128868941159
-1.0273219763570547 1.2329362810247324
-9.887043286538105 -10.644660083234452
-9.114551033481531 -10.39232371565583
-8.966146465215722 -9.636918817253537
0.4143292076987444 -1.084012995010833
8.154411098976146 4.173696858815694
5.4538278868319034 7.892537653745247
-8.278025856584359 9.852696225238565
-6.7439770151862986 -11.236031211928006
-8.935749089076262 -8.60432111578036
-9.309064522000634 -8.925420457339854
5.335071617697907 10.00067795799854
-9.400645667147609 -8.967000444388203
-10.215633271155216 9.545116518838059
-0.29701395585640744 2.1608693175103615
-9.700539909853486 -10.100706161494351
-11.59763839768471 -7.776772887446612
-9.961248928163872 -8.20080974809672
6.975027844419171 4.128944792585942
6.917769749882874 2.206546287692836
7.073856416787757 3.3026459530190015
-0.2336767420845085 1.0670476065245977
-9.210240618251168 -10.7951572034838
-7.644188812979872 -7.737081358457792
-8.509500692617845 8.235650314233668
7.927163472867282 5.4570865349962
-1.2676151181277353 -0.37262460594417224
3.6335197785234565 8.944459129941816
4.6466913639227565 7.3221822819747135
-10.23563225506227 -8.902270951693842
-10.338314215158913 8.802828789354376
-7.135146109356052 8.35438471277418
7.850264435865731 2.693771821179804
-6.801054380607063 7.855967285111241
-1.4958656970099855 1.5091027838471855
-8.339722950136718 9.530094052077771
5.615491468641967 7.578603377603525
2.594430235303551 8.656720618963902
-1.8671969856568302 -0.9923635713999921
-8.486212805941381 8.879518363933197
7.566234615859292 3.3767135612466923
1.035111480069088 -1.2704455921797437
3.8587004536187415 6.425330951446934
5.624321929374218 7.3058704590170525
-10.398697994319017 9.747390739746317
3.7282548015659374 6.4739886379056255
-10.243338799456648 9.25874372116441
-10.59285775868556 -8.843704854761885
-9.603541626402754 8.599990707676659
-0.2588367814723621 0.053898455271152224
-10.042952698966745 11.45895440368967
-11.756384429121255 -8.603783811507103
9.318076640551602 3.652493609733198
-10.255792276696628 -8.723831655025272
-1.6084951611614078 -1.0383228576401973
-0.8063315901686093 -0.39891557313464987
-10.325135164876382 9.913839769933066
-9.01844725306503 10.239841659359577
-1.0455991837745735 -1.40111035904713
-9.433232511048862 6.218518080967613
-8.691004124516947 9.64733722680004
8.502932225120803 2.663185699116573
4.836428666083903 8.025483508106252
-11.088516766022442 -7.824974005368863
7.730681328395847 5.673548004876982
8.11877108555847 2.768305132390899
-9.901686788700554 -10.357489219818131
3.800187508686755 8.433453425972777
-8.568899927659205 9.577827722481398
8.374779727022105 3.7348843041204693
5.095938293616514 5.244469787831536
5.060512340477854 7.901152727105211
2.863218260255758 9.107826199732187
-8.142630069010814 10.366770943693005
-0.2777776613886968 1.3018783616547505
-9.000879769982479 -8.761550675857986
-8.960599083976453 8.550109227075424
-1.953105861948687 1.4411295928829484
-8.425733984841521 8.328071851115954
-9.004730114232927 -9.868478365908066
7.362973347179339 3.568418809119621
5.446558124065759 8.663542526961592
-9.896447402991345 -8.843823528628182
7.307660550803411 2.2565735584073012
-8.003812918282751 -9.948584338061918
7.12022422378401 5.5968624556361934
-10.91017649386638 9.604650597579905
-7.826519521896335 7.6266005709223075
-1.063847762141318 -0.773145541081093
6.700634663920566 2.9098188588537326
-9.284405571107117 10.157046551517483
-8.256338766840827 -9.167915724633678
-1.452217455772316 1.713107318853808
-9.368286541630013 -9.687819460148377
0.6149356960002399 -1.9757120722807877
-2.0177910088031448 -1.8224932667861475
-9.265817164838646 9.075506587554145
-9.473510924422907 -8.723241082154688
-1.728213337040596 1.1226021170940976
-0.2616875840338479 -0.7737393288544735
-0.2751726073362672 -0.848369446905045
-9.233576426349492 9.055134517906392
-1.8346996588365732 1.6002079079212777
4.472615104450439 8.531681013709719
-1.680355441053577 -0.5038775551182186
-10.441402981513248 8.731463820375016
-9.668055042807103 9.389103544484433
3.0838802325043844 7.7723802257630465
8.885625806175618 3.1281339430165658
-9.302320892547112 -8.20882987080098
-9.374043561786165 8.363784453179864
-9.994355037714195 -9.660001247432868
-9.770193866184444 -9.855769794786383
6.2335908762829995 3.645710953433436
-9.153421422946167 8.888876541493472
-8.68857335772373 -8.86119050197795
-7.091264118196676 8.234950640637733
5.403366899538247 7.5151028113140095
-9.673301796358334 8.59725518576451
5.294428822358372 7.724708008440941
9.276110789594501 1.5448919096759475
4.949428713028039 5.533074257669412
-0.31097906817895454 0.20765002140227862
8.162872188274362 4.764512480654523
6.667451064455352 2.8959434633377996
7.774441908081585 3.3035738987824854
6.780946943122645 2.64145188602732
1.25650357570967 1.8070442637351989
-8.165826055019712 7.57209260701308
7.17010479904068 2.825664426587856
7.547976610692561 2.2616026045280107
2.881932390320694 8.374359222760162
-9.730986001486782 8.723513034119232
-2.859794571733297 0.2563955103191148
4.007392522258977 8.296038517435575
-1.2928115923460137 -0.9834511999224246
7.087292433353305 2.08341539306417
8.127789605703034 2.8896060677695603
7.927203790875895 2.612020429265308
4.419954723535131 9.581615300198145
-9.745979001492083 -9.45579608600141
-8.238896292844316 -8.725905941985687
4.806880858277362 8.53310104325062
7.299100176664049 3.159715313259765
-0.9452726972887202 0.6050300777396682
1.0127563857437298 0.33808736490131097
-11.12571196169002 -9.887847722907669
7.7105504516957195 5.601459970033769
7.861668549896965 2.160161055748919
-7.772917917964607 -7.09749212914546
-9.221006186879393 -10.256633868078824
-9.550613464866272 -9.554852481319344
0.07993021722137972 1.3668097489105488
-9.038267637757771 10.465628561503001
4.805863512267159 6.123654074538754
5.1197571198324425 7.277687307896693
4.8565403901219035 7.2008208019523865
7.992972452301378 4.370975507971266
5.125447259424932 6.534660606017719
-8.190780887114425 -8.808874338317226
-9.591873237906483 10.838852740893834
-11.19290056636307 -9.060961594818037
-9.031095211060254 8.36159145058994
3.2149471554459925 8.06411445385734
7.6039281116410455 3.318872906354454
7.6305515777574975 2.8685400877577436
4.722704083044867 8.36224095534414
3.2648397855596736 8.441743438116621
-10.222303707517202 11.2195609476843
3.391479573013152 7.7230981537032735
9.601434663590801 3.4655889240093165
-1.9207579808981234 -0.9716151963641418
-0.8245448801773112 0.40373733237687404
-8.601264418412049 8.66158629789479
-9.046829459610061 10.238996216249152
-0.8761566140515862 0.4610726733716618
-9.079715621051234 -10.03760668466258
3.786230080003366 8.533353090339226
6.572817282529336 8.453861694355489
8.386589821985874 2.4644305383560736
7.886227891091613 3.6447980923294447
-8.811199497638706 7.994473840264369
-8.159240296151463 -8.863001058496419
-9.065715489661129 9.423442655791632
-9.04551832964563 8.398872089626817
-1.2186304668742511 -0.23505426492963877
7.6751119078130525 3.6853187839799495
5.131904755155269 9.65585533282918
1.0458981238171603 -0.3106986644471961
4.388250336860464 6.710165789548065
-9.125547635513007 -8.535573906953019
7.246307559943199 3.0310265573316655
-11.860031153170048 -9.826950149681942
4.500163665010924 7.6918959387332055
-6.6880999485773085 10.741611216293407
5.737790333628645 2.8381049983323514
-8.534402863030298 10.433048160018725
-9.257398456998313 -10.390034892904078
7.489260095706936 3.3504290029298374
6.440858514190137 3.3583981428636798
-9.738356111416323 9.048744539440776
4.728340595010837 6.785111886504792
8.163644266414547 3.6116184812229792
-10.319773477989553 -8.985495397951473
-0.7601425111021707 0.6458830093650839
7.155366357743073 2.1887638572166837
6.778175316523789 3.21457438991875
4.742001588273469 7.179610783452678
8.835754299937793 3.5482885320839817
-10.412923806013321 -10.064268292449036
7.418112595696089 5.500457114576058
7.4080684434530575 5.6066892307818215
8.00508627303471 3.6451283748935808
-7.846147330901634 8.47300290623208
-10.062486623336602 -10.503888595695905
8.378183987978982 3.216633743645364
7.71351085710247 4.007745542099179
-8.94814393758517 -8.82593479747635
-7.82935073398578 -8.970994241987384
7.961003264017351 2.2034723476738023
5.48619955711513 8.89856089226294
-9.664172007425995 9.871713966333724
-10.270918760621878 8.608855665645589
-8.732945898992805 9.646914018359096
-8.591822974507217 -10.021257499488966
-8.311822863561654 9.208320001825342
7.263906743265708 3.723170054481514
-10.700190119614204 8.805636613743149
-9.289619463242722 9.614797473815987
-8.426740627841724 10.394664947608343
-9.1857952954529 -6.931394544695374
-1.993306636509155 -0.24866224661614705
-8.679363202408217 9.16496571705071
5.529557654900507 8.033105638245535
0.07380010614371157 0.11429126831837355
3.7297449510170586 6.191159308913677
-8.007246645173142 10.010493489604293
-9.422105676429545 11.127382137237344
-9.281547454666903 8.501991677797708
-10.691112619506303 8.87496940343926
-1.2160834172960495 -0.24955535534679163
4.82464396879576 7.845005760773576
-9.920128135302765 -8.806568059197305
7.7422855939842625 2.767131779296714
1.523051863963683 0.7780148885353833
5.170658162620992 9.447324023493085
-1.8589934385402247 1.1952417597029665
-8.658646208495908 9.536635027978075
-7.25017641151681 -8.934552935985009
2.3901623341867575 5.876347801834559
4.035690211174235 7.205008952085838
-10.722192822124411 -7.858565703429163
6.565369704261634 3.5953729926077616
-7.248338873369882 10.647029173438202
5.271302422723145 8.595426094484116
-2.436610357247498 1.303472369816602
4.076801801680743 5.896802334509383
-9.06829692633278 10.726895290452456
5.310443528291747 6.550912517488879
2.867037413595948 9.253905910899482
7.219082434109021 4.252751891717982
-10.330327345702209 -9.068257303067549
4.714227184355314 7.330179780771954
-0.6648235084503682 1.0507822137044642
-1.4304387177936746 -0.3903407911534967
2.4020349417872513 8.048680886687903
5.358798319389913 8.312207378752525
0.38910930996803894 -0.10460432110874038
4.723401627354733 7.371256252427266
6.617043510355955 3.005570939940002
-8.641014613346373 -10.105225085089725
-9.915724151661939 -9.621690456482618
3.440432012693702 7.078071938057225
-10.398872475389243 10.236811335649348
-10.559383438704321 -10.184392829024787
6.48772137329608 3.9523066041037307
-8.591470630097259 -8.851474366339314
6.9508633832083415 2.563828481660618
2.8544855379654246 8.979261225386583
-0.26186016723094824 0.2624963370950048
-9.402114590228102 9.524508365137828
5.010044179609283 7.425865851028564
-10.769104360166642 9.270563559261003
-2.1835171774874196 0.7671782252929081
7.257845236655321 2.946980304848982
5.182857573931688 7.5817337984562005
6.796030125053686 1.006190591301333
-8.871268428781477 9.809626535613736
-7.204278265352801 -8.951660421744842
4.523938706886081 7.676178657392067
-10.501582493299484 -10.549657074062251
7.7676762600861675 2.097250108833079
4.481545747116179 5.968084144560314
5.36794723363427 3.229587315170769
-0.5653862605309374 -1.7224335359330538
-9.983575389028537 -9.426739306227665
-10.680686243833184 8.830248817878218
-8.864284862931346 -8.772466997689474
7.731406358839646 3.971999551054817
-10.038362880941268 10.432730986587595
-9.202170810288415 9.468848988561952
4.340892445760934 10.081257894753579
7.74334808338922 1.8642333268456348
-8.471968240686307 8.338329900915678
4.011326259532866 9.963558899753185
-8.75125629471702 9.496675624256744
-10.374869784792033 8.94209364541652
-9.767147088558422 -9.189867734375357
-10.291893714627665 -8.457808157844752
0.8768539119613128 -0.45152398874727234
-9.359845421428016 8.871377652839474
6.692948526841301 3.7027298784318887
0.38375744060860884 0.6763842617032247
-7.023224679887292 10.870385354768409
3.6402382687299855 8.176137754701996
4.432648556324096 7.168282646234229
6.0053767425851134 3.236050435679446
-10.841808167977598 -9.171202095640465
-1.6085950064083576 2.1534998026400047
-7.374290898684535 -7.554691540448333
-2.618971582241034 0.3428160340103866
6.23437184497842 3.765321686645633
-0.5688092468593702 -1.08444754272387
6.947253180039585 5.128957558579802
5.208682528980656 2.610126430199867
8.357274951459344 2.659143456837737
8.003198325986753 4.4229744898530345
-8.366886779191974 -8.569619817883096
0.7883779428411162 -0.27509490662024294
4.295424039942929 9.6704844454005
-0.8230571190748938 0.3571806099398215
3.2584704248496332 8.7161239609392
-6.64279910525949 -10.727957764923175
-9.424926953668681 -9.91084506329131
-9.527663651841388 7.889519046212638
3.8808328402197025 8.856589110659472
3.7846217150544574 9.22682113307646
1.4778313444809235 -1.6976906088199755
-1.6320046418596805 -0.0900959560393492
-9.886628336957934 10.262333155580219
3.970029163211127 8.495529146475343
0.8970265408074805 -1.567917657986595
-0.29775109796261756 0.577551678944835
-9.516680501835168 -9.738778193141203
5.201193090400088 5.494141820804045
-9.092631259922383 9.145384796692973
-8.537456365648858 -10.341117877885049
1.0474894957127174 1.3272749808574587
-9.481778662541643 9.792658851802464
5.511380040150914 8.561505353619994
5.102331475676938 7.857220523535181
-6.760346221907495 -10.031574562507815
4.654044477394769 7.031496125042846
-10.58253198930776 8.459338697632596
-0.4014559528326139 0.4208350180842677
-10.043679178689597 10.06735362407707
-8.23456215758614 -8.870625758606078
7.582892788478392 3.7023442197043446
-7.127382923476299 9.717068516086753
6.497525809770009 4.745062683796991
-8.932874778289289 -10.96385456000585
-9.738515921896512 -10.047983315503311
-0.7893157904555304 0.031056125771475762
2.5044839054335952 10.031342656072603
3.824455307232701 7.482055637546161
6.138247893447624 3.0157641795896217
-2.2058348951664843 -0.3321158999286688
-9.173938493660872 -8.81234114378166
6.721001196845803 4.0039383522279275
-8.223523737608996 -8.69677292065866
-8.613096677982718 -9.607112920737343
-0.2229484129144655 -0.288975224550369
4.522673027678987 7.357661925707829
6.040115934485876 5.977311903591681
-0.5362324187538454 -1.0538515133737874
5.613794535305457 9.945412778412841
-9.647111922495158 -8.488618204934724
-9.001023057930857 9.743733328458811
-2.5219911378403244 -1.0058867646516667
5.945751286460596 8.540844034695718
-8.784741070681472 8.149988613782536
-0.6787224667962544 -0.19532037729650037
0.2698917533786078 -1.3568927564364235
-8.881598511196602 8.766258950042308
6.855517501182484 3.1597283918108583
6.084389310212843 2.953725443850967
6.548366594782564 4.591879069556946
-8.21432730281757 9.849123400451436
5.155521989700272 7.787158202821528
5.456797453868545 1.7250514302488364
-9.511814746010039 -10.01162049968321
7.9345389307806276 3.379823886814941
-8.737918014391822 -9.158213840573966
7.479383763937275 3.3372909482708697
3.702709259937624 6.766478850565232
7.5852471998831765 2.0227993789560648
-8.482339538518856 -7.667100754432351
8.257233809470279 3.209131395583056
5.781935364661802 7.680214942825254
-8.151621367608296 9.592976618568644
-9.226203481926493 -9.791839355174595
-8.417829483601253 9.842578627715802
7.997690390942953 2.9204142741494854
7.565238425421039 4.013057848139251
-0.6017720004530761 -1.2271314937261069
6.384099265022408 2.5633959377713835
3.393731540928264 8.258522343135514
2.891034237874967 8.761471396166515
-8.418533870016965 -9.341848062531511
-1.6058862243171443 0.1336235697023015
3.5209076159504074 8.725946020207289
-8.725903877120386 11.184933654970642
5.248355754252648 5.827808220189706
7.190194198868145 4.3157337565515075
4.0956642760657225 6.7590459348051475
-9.685138340419998 -9.28690118884732
4.973445314859559 8.878178317791944
0.6738451620347545 -0.01166298859263587
-0.3412713844037767 -2.3352986597048675
5.055906560946831 7.98627426781249
8.269081968147777 2.276990346590889
-8.166003465942259 9.212525025722236
7.160419983023714 1.9148075390242478
7.158995360567024 4.8672563333191565
-10.138155517035901 10.470542421127163
-0.17862846921397335 0.06306794086446887
9.628301987906202 4.421631830695953
8.933805830753693 0.8174998484714018
4.541788448836333 9.327571771724042
-0.2114067032078511 -0.8383060919495948
-1.7719743177014207 -0.07963876002946675
0.1361905115109695 -0.5346648618381715
1.1073829080941975 -1.9198328080314322
-10.01961514528831 -8.96681869948293
-10.474964766715384 7.705980009552264
3.2194779476005904 9.061843102896717
5.278848868552268 7.6649990220487
-1.1483994479125843 -1.7570589447855018
-8.342761482051575 8.959787871784213
7.626166078717848 3.588106722418069
5.5375472631201825 3.1848738948448196
8.764691678903848 1.6903392899400551
6.695948374787684 3.4716397784855206
-0.5997086445024806 -0.5329294380811813
0.16131132809536064 -0.23410613681352055
5.0915090538896095 8.695734814925167
7.064755324342561 3.1362720174793135
-1.15025953490999 -0.745534499219698
8.733960255869327 3.82071744247198
4.16998269206632 8.129930987053791
3.8947438107086194 7.459437333790777
6.021884268102212 4.113446652992093
7.761453055940985 3.1713297406466223
5.387952191219264 7.605525583646062
-8.89083290431163 -7.593006660030826
-8.647373509496527 10.81675275738937
-9.050056811031634 8.948613992982155
4.224417121569896 8.777210850486787
7.171279313157246 3.7987370041907913
-9.365422390825 -9.16592630793431
-1.705634792829662 0.60940201401925
-8.987089027008073 8.711937785236184
4.588209079232745 2.048812005912242
5.782361041208494 8.476657487073256
-8.721523259689507 8.359210995904913
-0.6705017880123865 0.4265443716430025
4.021339142860981 5.849191014729955
-8.24451977371577 -8.937273776809963
5.171066899625964 7.063521051652868
2.8956740587554304 7.422075524889644
3.8270395602992693 6.121203872155264
-0.6702981200265968 2.137036373328256
8.182463658509405 4.963335631733022
-9.900726723430182 -10.54322209137841
-10.504420881581858 -10.07116921990002
-0.9957908358980521 0.3536042031480021
7.108557847559822 3.680993922058499
-1.3585240976585826 -0.29418389974484727
-9.241571219854697 -10.478073112090504
0.686221528021268 0.501983462263608
4.463340183095957 8.651926290090913
-0.9013949598750447 1.3659277902203377
-2.2101191205994 0.22925484673109042
4.611285316251342 7.178213714568324
4.384006337609625 8.74730569890167
-9.749262459405195 -9.898936840142957
-2.59918324850762 -2.4463623283921696
-9.806546340615231 -10.451697153393075
-8.463436303473644 9.05048060880966
5.75129438023817 4.300981341641063
-1.1956962505698752 -0.9808316467310424
7.117190143588335 3.8071634374569765
-9.82128175941853 -7.526646265160275
-8.672457215987462 7.97041967561438
7.845971109443594 3.6211786481263224
6.063958077957524 1.7798833255092918
-0.16231755419622607 -0.5784531351114365
-8.144499361414008 8.220350389339474
-9.257879025919548 9.705876396320228
-10.51397026916 -10.114752859682541
-10.650116271342261 -9.831744884001873
-9.372413711707205 -7.957825331203659
9.490217111032107 3.816959690070883
-7.699567383835929 8.76112379784131
-9.772744236600658 9.780277198482128
-8.300060014599161 -8.074141354887974
-2.0366366418092214 -0.6220366605910506
-8.589513043874202 8.773995158884135
-9.017351221539702 9.751268823602155
-8.499934170490505 10.789427150739142
-10.03129671095536 10.604606499149131
6.7042863339772705 7.683264244799385
-8.992167025795688 8.557000413580784
-7.56936271355813 -9.33259917843586
-7.504734034410576 8.791282403838151
-1.4562171100211956 1.6531703127156216
3.62029012154257 7.307759417371182
6.182726299999797 3.804474543017722
-2.4745064374133046 -0.15852542033445502
8.390805347203955 3.9115643831684235
6.201371370708147 4.250336901735941
-9.086801577709844 9.13656716236752
-8.853185990443372 7.6415091169949125
-10.36161700326628 -10.285162531388508
4.701597428692703 6.663083956902119
-0.8489527366852799 0.35497964414659133
8.208707119365291 1.6934784316194982
-0.24870422650436114 0.007615681238014371
-0.6925104441798163 -1.2237625057492398
-8.871637392254353 9.719732767887272
3.9742214086539054 6.9512346777527005
-0.704957675371767 -2.283535120104335
6.367179112442619 4.2891308204568475
9.535876994894997 2.919849100463721
-8.106153261257068 -9.175257145067855
-0.4367633942192313 1.9658869928717646
0.452063641589864 -1.4189804332884255
-8.849209242053902 10.028028825385007
-8.91466719312679 9.757078762679516
-8.529524283947643 -9.326562762509557
-0.5353512161298724 -1.326776937877603
3.578874102294705 7.423589234970538
7.728315702857485 3.111086817394465
6.375190700438077 5.476154757718936
1.049439608913654 -0.3096249023252337
-8.895826380560036 8.206590252893221
7.809093742758807 2.060758660388735
0.42971160632135996 0.11552606953261063
-1.2559220069772752 0.900435975000019
-2.3776535629859956 1.1298877418056863
-0.230621245018031 -0.03357441498551528
4.207207779783466 5.733112546049341
0.9046296230887814 0.42413089410200844
-0.0704135364773002 -1.387879807756597
-0.532198383221098 0.30358446815375517
-1.931731548399878 -0.019910997635574218
0.21459360628677604 -0.9334946215828925
-1.564533805955104 0.1415371738356962
4.644279191186727 7.9253577032201825
-0.02854313152101362 0.10178684725542664
0.2570727260170361 -0.7277327424158955
3.444713891714061 8.176994036193086
-8.253466426706193 9.367245500944067
-9.404570454184562 9.339994697336282
-11.093098657896896 -9.954893193006106
1.2586052449407248 -0.912297783671924
-7.963414877407664 -9.857512962888782
5.640377801774136 7.2765048096254175
-1.3481101556403972 0.18992035316940092
4.944896181735093 8.109318954308385
-0.6046768008346981 0.9716923645081823
-9.856440178128791 -8.849453531559305
8.305235026329198 4.985736297189408
-8.775186285382654 9.691440984494845
5.305993529938974 8.194759864026201
-10.656799488640255 9.52174714202822
10.044500835661832 3.813691183754593
-8.292153660870923 -7.649330215606099
-7.628641938426404 9.066676246382844
4.76351410961984 7.71821931183465
-8.878452257299793 7.930404566526937
-9.50747843764604 8.644007407623183
4.9475701915047665 8.146709883049134
7.877705444262415 2.970493747938351
-9.72079065612337 8.169121734598294
-9.11415397519481 -10.396679698406098
-11.283236923970833 8.631500208246038
0.2834806325126016 -0.014169313561732538
0.4087985272567687 1.197305983607382
-9.402220464514068 8.939491510394342
7.487762520152652 4.8297211042337205
7.315361968200078 3.7544217644458904
-1.212847978343711 -0.23791258196090503
-8.774278997278303 -8.894055281267722
1.6249575329019956 -0.4878876950900133
9.664544236301001 3.8751922278193645
9.053993871784561 1.8998123099996491
-9.226985114021117 -11.368797699255044
-6.621253047999098 7.362437008751253
-8.566165231502788 -10.62238877825475
-8.421342075525784 10.956623302726939
-0.9453480076156651 0.0026703648637620148
-9.011500771571662 8.191689613818182
-9.294488401071202 -9.719864863971832
-7.324881203958181 -8.083526538038083
4.97238922800536 6.074352246614213
9.860649582283529 2.3232165848975916
-10.582559003752117 -11.487675885820792
8.468057427078067 2.083433880875946
-9.869414938708273 -8.475361333921773
-10.175364711611262 10.288358660133596
5.532655626721733 2.359441262135881
4.6104155288319335 8.966407727345583
-9.169588953080318 9.32831425257632
3.2696500727916042 7.916242566531392
7.140540254829224 2.217366555170954
5.788064052183748 2.974399952974332
7.201172919047414 4.810335023724337
8.696660963951418 3.696429344798611
-7.031569612793945 8.812647418669282
-0.38699683619061065 -1.2566856239847906
4.455340564873025 7.057180283668614
-10.825665160765146 7.619622254671496
6.6437143025039 3.127587957104519
5.330864018484382 8.846272955189711
-9.326869080834479 -8.24103556962445
3.505530763331336 9.380596240108824
-9.53621208850526 7.600504537357788
1.385726875549309 -0.7960083934802941
6.328864243893771 8.80993922531789
-10.215199855971637 6.418924960727289
8.846001038413394 3.1470054149327864
-1.3567423628663386 -1.2571570871064899
-8.47149895600994 9.05901788964465
6.05688665334716 3.5004047822431046
-10.31745137428073 -9.040168110435669
6.895151185954725 4.204208083321855
-0.9387637820828649 -0.3108474579956241
4.368712276026493 7.588437153912341
-9.74113647631521 7.998296372675939
0.28165852266099967 0.3629289517798928
1.1567470243657643 -1.4993686719398336
-9.468857680216338 8.10954573497317
6.114915876922504 2.7882775299993963
5.233227089545612 6.447263196791392
5.443061157599178 8.53563571148645
-9.921232030213195 8.116207783872191
7.076502646625064 1.730093865606219
6.248909640577943 5.783958116635622
-9.667014848926652 -9.285217262301318
-10.267309358590591 -10.896656150216662
-8.04723471852303 -9.280828836094603
-1.3078553198515281 -1.227622638115012
8.574037969017777 1.4952961591659149
7.812892487139803 3.393453252043167
7.979575630711762 3.5098637760440927
-9.411776810209371 8.453143867188908
-10.996784262796172 -9.603775502182419
7.4368278050321655 3.4213799164180547
5.661449127502237 6.775941224256094
-0.6816640296816469 -0.6910489133065868
-10.082476328265429 8.496124474040355
-1.7614679182716666 -0.7881662153777507
-8.976754332989218 -7.68435118342188
7.3323080747464475 3.4928187668291906
-8.111298698304884 11.098350726251237
-11.623982166772452 8.792168031287506
5.068066400454405 7.282391234795719
6.800855923792626 3.3582282706696307
-0.9383013139493512 -1.2465371264731306
5.692448900218681 3.6766811190712847
-9.638114025838965 -10.221974526788035
7.132284750129394 2.645800289525684
-1.1623843235086533 -0.703626441515396
-8.769830776243667 -8.91253340812219
-0.8449254973648153 -2.9778017489027517
4.5470913929473475 7.3390742577046755
-1.4273893737529617 -1.3789290012898132
6.45563110759017 2.1573322669751462
-0.26106811498442234 0.9415393848698648
-8.320663433422423 8.101384549318162
-9.502663386939068 11.007887113132329
-10.34374370271032 9.169871155797228
7.719104927365859 4.234696879885681
-1.7534152379913623 -0.6441076390771729
3.5377178100474103 6.642834285431382
-9.356387998075272 -9.889362596417937
0.9644499148777612 -0.05379987809074989
-8.194079071306245 10.033435817854869
-7.4811090612236555 -10.414619809479838
-10.173401118494247 10.568774257079665
5.01403420666457 7.292447943556223
9.294537588612641 3.214373447226638
-10.135452483627496 11.059809495331764
-11.538980131670453 8.304210102168279
-9.16575601455797 -8.779947314395287
5.509162651024946 7.523370126612619
-0.020430638405682933 0.39886199546497736
-10.082432423051847 9.225293470225607
4.136441213986121 8.19101086028851
5.95061337162184 8.25450292056378
3.717396410319945 8.860964460694374
-9.555447125952508 -9.123894828931936
0.2561274803914505 -1.361156779238707
6.163741566283511 4.155945130136026
7.488218309396257 3.3476860044376333
-10.366217899279293 -7.555388860058019
-8.92401032644317 -8.659143794609776
-8.13493072143454 -9.540868335037723
-1.9604919341931542 -1.4561130383126384
7.4256670532221545 2.010133510050574
3.9060884428127207 6.82937861365456
4.259481750196203 7.76626528298414
-1.4953032472811945 -1.2421185913533908
-10.133760020115766 -9.807375831081083
-0.667665541362901 0.8586415060733326
-10.372039947828723 -10.002657089449595
-0.867681069090648 -0.6759043109505337
-8.551148141926053 -9.496513281672788
6.6224352776380115 1.7684057216997675
-0.4314850206432982 -0.3519055856536588
-8.797214908615095 -9.54503672093862
-11.006818761424304 -9.836203607230319
7.368584173163626 3.024186479646377
-9.27264779602659 -9.490414462316812
-6.966596676424354 8.228004233415254
-0.40750054565307586 -1.6512708606266824
-0.8657408260436212 -0.1833951003808562
-9.32335150363284 -10.341949104239184
6.121641553309663 2.4451491884967242
-9.292241280996953 -7.979819753305868
7.215763556976857 3.8934071273526945
2.630524441453746 7.483121532046575
-9.58958943720377 -9.136711815278229
-8.528996617820399 9.967677179112233
-10.65434037137533 -10.167787958367061
3.1163853832575894 6.329001082285641
-8.989186915153098 8.968605788736106
0.37154793373078054 1.492635104028867
-9.778797984805681 -8.514160471242105
-7.862036314351254 9.515276474574616
-11.188053701615916 8.648351047350246
-0.6027308058377814 -0.7358448552838963
3.019796848295105 6.459632669763777
-8.278080521861236 -10.314534723445277
-10.872880949527655 -7.214685073285882
7.630528104759469 4.466445427752113
-8.590897610457562 -8.779698612152554
8.082974788013377 4.974376387715138
-10.34426404532606 -10.13950274854611
-7.3351215889675165 8.724237627211783
-8.584156139375828 -9.489602858690635
-0.6124087941622303 -1.3047881890990785
-8.588836676855621 -8.88261139720851
-9.602873284875962 -7.667013780575793
-8.411741950369953 10.577770923203838
-8.372267722614051 7.080399775104727
-8.63311770778845 -9.381031094837711
4.629290306329194 7.21275539603542
8.614249759217868 2.882741853144651
3.583456687466539 6.900513877623275
4.581296131472683 8.278952724030578
-8.159054854781125 -9.299172485181831
-9.149459397446872 8.526929044748497
-10.980657043985309 -8.606300370962586
-1.2441940142639853 -2.0895398507543943
-9.181990149812849 9.737179891982741
-1.5773921597295997 -0.4429890813164736
0.334999481156 -0.15324334199232378
5.916129743304728 9.938145417821467
-7.642295952620854 -9.422045228009726
-10.143892111597673 -9.968811175134778
5.351265696358393 9.086479781028567
-0.39205175236966516 0.10512775579542932
-8.484039859590242 8.696196606082744
9.003759788717803 2.138459708580716
-9.132847880822233 9.790924982687507
-9.69591214285106 -6.963814551015702
-0.6281970784261961 -0.05327488340438628
5.506557468764747 8.260966634798372
4.3785620532927965 7.945575884937863
-9.403999815232675 8.713745132119826
-8.285184761620226 -10.029032898986081
8.049262069017574 2.089145710616081
-9.435177614574325 -9.493291829603546
-9.120580898386347 10.679601889243678
0.128826122774925 -0.9599940916173985
-9.153720984106029 8.463407874304226
4.921695867896567 7.831286389489052
3.238977229378701 8.435774118064096
-9.556490245153725 8.650175718574815
5.957129049240949 3.5994409163584025
2.4493478801044253 8.931204698902317
-1.3689623636495765 -0.8842178136803663
7.343810160903468 3.308664574266827
8.015349113544222 3.952196828794944
-8.687308880541954 10.296961639210267
-8.410674389173739 8.970515370762342
6.630886930430928 4.393349838563868
7.152121411596943 1.2758245344822883
7.579187524436019 5.56462526331174
6.940798797762147 8.67509122722687
-1.0082753044720478 -0.07098479741238119
4.0475587078634305 6.484354235807805
-9.086644879785787 -8.160278567358159
-8.008730215012136 -8.935140723684786
-0.9287266660579163 -1.2381168550719535
4.242159742984089 7.615322984668998
-11.216255360939162 8.263995815003993
5.06540252794433 7.895418941444582
5.087227033153538 6.527155523812293
-10.675864384416448 9.374646881041587
2.4012915340766794 6.146643872745557
-0.6075778585822941 -0.7485897296966988
-8.137118780630805 -9.15872825468781
-8.453339453899359 -9.03293196507922
4.004745338273358 8.043473991610767
-8.436208675007377 8.132477174046057
5.198451207168049 7.617250446397843
-9.45409553659619 8.191382218497187
-11.571601366120428 7.96159501257984
-8.242959845920172 9.523752527824026
-8.845429849825816 8.721113014344303
4.548037537793132 8.07543626673036
6.64339353035489 2.451024772864864
9.098934032478773 3.6615578189860924
1.2354318144767347 -1.8214072479729095
2.8851297546020565 8.201602947648556
-9.782565666107969 -8.84798645607535
-10.928527181446437 -8.985207517016354
7.874025682229344 4.220590999278891
-0.05580977126577347 0.28190043825037714
2.664622204884557 5.39030633430582
7.675749890073226 3.784951011719593
-0.044182951429772466 0.012913999101424573
5.917750191110908 8.063071788278465
-10.31169416604991 -9.822216951120382
-9.636558446777 9.335350647814641
-2.1726674887288824 0.0931101398148749
-9.504971700446642 -10.236538534620271
-9.299336970484891 -8.537878676117487
-10.324205809980816 -9.013293833948202
7.598364045158677 3.507150263914654
-7.466361504603469 -9.866506886209434
-7.950427519004097 -8.182882261773784
4.72304814237012 7.550708654756499
-10.93848077913686 -8.534962963792275
-9.036664314554486 -9.55077933188833
3.5785342317719007 7.7668274288542225
5.041285979618772 7.921277461886289
-7.862634674997283 -8.687965555806727
-0.4787993440589705 -0.5312557223692069
-10.779450625928975 10.213618073171444
-0.2164061298245364 -1.9976493651515579
3.8983311368734515 8.867499565505522
-9.329995464790931 -10.246877067066473
-9.500609768266864 -9.877913359959532
-6.691426570469518 9.623262713289234
-8.956301578850383 -9.10631849351813
-7.905022761336051 10.128773749804015
-11.886907727750831 -9.897119338390823
8.66506588125595 4.1131883700269825
-9.171145894873561 -8.357507779027115
-8.767959794870784 -9.105451478851412
-9.758002523914563 -10.38344381429908
-9.738043736813411 8.70656834108379
-8.25883274687936 -9.969508973919712
5.282111932702174 8.453158176648872
-2.122280952429346 -0.13292684592206677
7.5426559409909135 2.0470733079357633
7.672068917781363 3.5477707450002622
5.683023946708422 8.72564567098889
5.390288602731503 6.340423873697945
5.0681528283390085 8.18140670972266
-7.792490932399193 -6.769149352063604
-7.912012629322383 10.804645115780506
4.546489211343982 8.154098944315084
6.63822550378276 3.3055194316534164
7.549297809154675 2.871082439121043
4.060713571279636 7.485483408752453
-8.913462857840933 -9.98022188819115
-1.030010839149477 0.13340670347050515
0.7934679551545094 0.6386744315013789
-0.2995148424938611 1.4051668697475383
4.188984960618313 8.184891104247114
9.98215610184354 1.5368304632024254
-3.3464975492109814 -0.9243799332761417
0.5140914999048978 2.1414397859827066
1.068994425606536 -0.8453497063105175
0.22774719455655013 -2.1534360226508924
6.387562633987225 3.372390837406894
6.163560136235962 2.4746932440098184
7.745862127284527 2.8419792629450327
-0.9833180115927237 -0.423962630836542
-8.905217205186895 -9.352439267774951
-10.975407335305407 8.139411007374182
5.388170442069614 3.1888664418709136
0.012125164360005103 -1.053692214343854
-8.835357869607353 -9.86335510568029
-9.382546981975313 9.82509620842729
-8.70129216280348 10.733823306669034
-9.681002882167771 8.0495030949293
8.23687984788816 3.3397297668665793
8.736242952458438 2.9412339128084315
6.297445305097917 8.695107813291031
4.79764737694381 6.878348601360251
-7.854963930637684 10.042863767847274
-8.705693887952187 -8.871514468683873
5.0363289201735935 3.818769288530507
5.32182616214895 8.469995332943402
-1.0482539918553127 0.9321632898097021
0.41701020902366204 0.16700936507734349
6.837348456040667 7.158712224310138
-1.5579081971028896 -1.6427899766667928
5.147859443877796 8.161984201646188
7.977701907188671 3.7442233207670648
3.6280780186469186 6.3064468065600225
6.665513978650623 5.208362061985063
-9.599463857397724 -9.847520481644718
-5.875330522490747 7.415813543654465
3.4125645871585246 9.934942149278099