-6.547441066310741 9.279571927567817
-5.438180743777329 8.161413334889982
-7.87314948246353 4.446621391031517
-7.535992476446077 1.892129521773055
-8.758918060259301 4.642473617943025
-5.706128016395115 9.104316854999547
-5.6405657931700945 8.416085674933028
-5.006414165699065 9.322700216868574
-5.393782753729472 8.759547655111088
-5.342124922732305 -1.8165606696901726
-7.954022399583847 -3.114040835196385
-12.606708078799379 -2.7630055648432084
-6.045603006289811 9.804351649149531
-5.053516663682436 8.327611631718103
-2.909516489397658 -2.8012327374656016
-11.3218447132012 -4.298540318150891
-6.121110580727017 5.194777910973554
-11.798021087954718 -4.005919503217396
-6.7334165193537165 1.8740950841801751
-4.272813655649726 3.657720433834796
-7.034357158638647 3.1492369076664968
-4.136666531788651 9.832855823464781
-6.607006720742868 1.5302195043491136
-6.530173640806095 -2.1096755486602135
-11.353410915260676 -3.5807662645039544
-4.930170020449569 9.967481767380905
-4.459595725932627 1.2003845631469123
-4.918672073233128 10.48774485942086
-6.9339991153259755 10.051174104994939
-6.185068487463499 8.203869423238405
-11.965173742038068 -3.5720641660944166
-4.756004575281349 4.491447945189925
-7.230820573279029 3.1469682743148972
-8.531067745106363 2.7628172486264804
-6.626091515820568 2.0123415874376893
-5.140835909764175 7.544804174093549
-5.183790289528657 -0.963726163903065
-5.533017393043052 9.344220192598545
-5.677033797327505 3.7239803874049917
-10.291137666651576 -3.8369304998929485
-4.480847234830047 2.6847583758172715
-6.441975556538429 2.0815016095054393
-8.892739298961732 -4.40052203967438
-8.44411547502804 -4.818178555721254
-5.850537327692526 10.00246678352907
-6.672834500136154 3.08823786516939
-9.500691696629984 -3.413492255855899
-6.290534119217656 3.0891834309994928
-10.304526702563196 -4.4947810247278435
-4.485350244019273 5.122249207896379
-5.541356037968329 8.821910986102115
-6.035151498493217 3.5136175300029375
-7.7447831878929545 8.739773640435061
-4.842819261971998 10.380383631078079
-5.55184402503637 9.731162485993664
-5.091901665148451 3.5425194079366156
-11.272138130040275 -4.451098788679939
-11.214869534053427 -3.749654318873766
-9.963793937794605 -3.9973215083974036
-8.096496390512687 -4.580121315692867
-4.177968286580368 10.0347368866161
-6.022908972998187 10.235188290831717
-8.682280430872764 3.2129679855816318
-4.039948454821985 3.059414843690344
-6.9806003168331365 8.534184830109243
-8.576541611866686 4.362443526705308
-6.193181133428185 2.6644160216842296
-7.03547852716714 7.794924872306809
-7.982727272153447 5.009121627391776
-10.300857660261942 -4.554179657119626
-10.035629745478436 -3.4056581940955684
-6.708679495077972 1.8254406931610756
-6.769894158966875 4.438265940029373
-5.640818005861542 8.621278747268143
-4.896023875221013 -1.924818259310071
-7.225065967588688 3.0533297695759245
-5.727757181911037 2.927491886081992
-6.2185933062951175 8.104856480016139
-3.3655982119802683 8.781042824335211
-8.373018829240413 4.0403663633777835
-6.025692461205098 9.700434407662744
-5.490039193482222 -1.1709428130573722
-8.320445409977548 4.504063394759319
-10.329925999010085 -3.439478545413686
-11.179889961476698 -5.880145642243413
-4.197294224403707 -1.875574644563775
-2.7959587863092508 -2.0093896183035693
-5.074266030435429 -1.6936918586799337
-7.08542958721239 -1.547783728602818
-7.309347065128716 3.123582634093825
-6.0742072626136965 7.743570173481761
-5.245388055340932 8.34965710596899
-3.075069652492369 2.5597067328441825
-8.932245134480146 -3.454734788846545
-5.2719823152273895 7.639150946086392
-6.526091650846887 3.4773583563516106
-6.454548621350598 8.635246480906309
-7.95539874562528 3.9806459369398355
-6.907332333783711 10.572079671056114
-6.379692043178077 1.8410204244150723
-8.508242519969231 -2.6042719096759983
-7.800480043267392 6.201542442011309
-3.0002987046116405 -2.5335053061331334
-8.506651036096573 -4.4089314422779005
-5.468381533648551 -2.263195595182939
-5.872650852236989 2.3178695551517734
-8.704511736342257 2.4049861387894294
-7.103556360800618 8.069429042088574
-4.5246005961756826 9.197659279317241
-3.6044124858376625 -2.522637487740095
-4.654102750078434 -0.9258763360435758
-4.802011804393968 -2.298506724134712
-5.636934668892629 3.002199561764302
-10.0594472451281 -5.244583708528602
-8.981151753878674 7.438763276318858
-9.927982904471529 -4.13596681883046
-5.191919199115589 8.083163381994682
-5.7130538038647645 3.415214130342058
-6.833776633488215 9.295330899822684
-4.955402193074095 3.0199987517981284
-3.9469836686502107 10.279695856597858
-7.325506994803148 4.341030251459535
-6.1797120365023 1.2432913511316368
-8.258674624260228 3.6372080995036664
-6.765037386472255 9.552091944171087
-11.223892509774899 3.185866570458521
-5.795708497658318 -4.013933079417389
-10.004190572341132 -3.814526603561793
-4.903123665679801 -2.0818022662775855
-7.823285277135827 2.9599911163411794
-4.08560540982084 10.847579060779502
-4.407328954627552 -3.160873770381695
-8.417811768652825 -3.0414943997148507
-5.853772739004956 5.361000485325827
-4.715487330951731 2.366418563815625
-5.216638295680094 -3.502341111239432
-7.681092687218043 5.033488198314915
-9.667599364335608 -6.241849597952111
-7.197250689985118 -1.0439369781811625
-4.122038186535568 8.138135516977595
-5.2585290160524885 8.376777245459303
-9.221787056698409 4.79915073663995
-4.911351763995563 9.432154176264321
-5.226509488166872 -2.3365277055485194
-9.246563469094554 5.616865438638725
-6.164578710242973 -2.994257149277775
-3.9540005799159044 -3.2157207414589264
-8.255181942932573 6.175050640356055
-8.341679383081225 3.200006844545836
-6.5028612203105896 9.188441030256959
-8.906503985389552 4.339862494979578
-6.033900585657962 9.223291964784318
-5.656733514888769 3.817650079371113
-5.871770438457755 -2.440503826456766
-5.7703985724310325 2.403940101674241
-4.761613419961677 -2.3948087530687396
-3.7618799212424943 -1.7067664461673369
-8.827097420088865 2.584537779631087
-5.656164488819412 -0.4676646348264919
-6.107447900572094 2.7233095108498224
-7.4010805836070475 5.794254205534557
-4.581424310588547 9.540932572233988
-4.8174025617841325 -2.614811162667416
-5.110394055980562 8.403093159161507
-4.717750565936898 1.62368665512922
-9.562507501801571 -2.980572487631996
-5.919010155952767 8.766614962606601
-4.923174593425033 -3.6640274913475688
-4.546442133207025 -2.302377915239332
-9.157879038807453 -3.500725825454938
-6.715237919601979 10.247665639651157
-4.773454098291058 -1.836364692121153
-6.903065049353982 4.445414773094205
-4.318245277721077 -1.7260419093081456
-7.658898018976104 4.450106317243483
-3.155021163509552 -0.09263736208679862
-10.725855289123363 -4.157607716191903
-5.541732999608854 8.95402957303059
-7.515531874765128 4.361972515236492
-4.660967009201189 3.0097850069896257
-6.828675744459941 8.334011404462716
-4.622212510508192 9.108638102081153
-8.09398453590027 4.196423926494165
-6.669811022211427 10.175406807868182
-9.026924252099626 5.184929742003723
-5.415308200365446 2.949951208247065
-9.95042241779964 -3.824555684784125
-6.337797598355287 -1.5634386243378422
-5.179097486081758 10.69680966006196
-10.167298944884566 -5.044970417384656
-7.344445531624684 1.4738689696873737
-9.51243567936136 -4.568513182810188
-5.272804709988998 8.776366443946687
-3.199170137925882 3.847696547869486
-11.109924690497417 -5.5113175066073445
-5.359272913292531 10.114380424288957
-6.988565872947201 5.545133716111663
-4.168717422273228 6.728423652445682
-7.711003316882055 -4.51518316558674
-7.440623272888317 3.6718627406738378
-6.807817693059988 1.851008947680989
-4.867230030762832 2.2226115726970095
-3.8684954740568993 -2.56643982517993
-6.426624191272367 8.693934450799617
-5.81436845178604 3.9698372909276944
-3.490198237781223 9.809190782451736
-10.271123785740734 -2.6543791869803854
-4.823091742950291 3.3857664343100566
-3.8587548002341503 -2.296570782149167
-5.682810924730078 1.8562343040109728
-5.751833586118613 7.879509803144686
-9.963710206434941 4.438768688661469
-10.965743288781763 -3.20260405305274
-4.570553335169296 -2.3640421948293295
-7.5550956595318075 3.8729560662944813
-8.723787667263926 -3.8542629061753955
-5.616650346895095 2.9179646937094437
-5.726672177892199 8.489155938890747
-7.762707225051947 3.3607522755054173
-10.02357680529206 -2.6674779564597415
-6.660495093592902 -3.064587788023913
-4.867595803612552 -2.7658598074249587
-5.743180647614735 3.6898690719873466
-7.55660855737719 4.492006847383976
-5.211222564578691 9.898057544033886
-7.552795313295592 6.0058033364793015
-9.07997035411142 -4.052633148635657
-5.228940123646465 1.0084763955005267
-8.634117817009342 -3.2763805370659567
-6.87201742525215 4.974029907370186
-6.8710548283907 1.873893413467285
-4.340329166160397 -3.9485919608528874
-6.570494659048026 8.351619557148574
-8.67928859396997 3.9426801243670173
-6.826663012089402 4.087206533872009
-5.541593854994005 9.870254632772447
-10.830879140637323 -3.2432625548342875
-5.834861010831855 2.9613075217278695
-6.913061428092256 0.1898529382172005
-5.145255511134162 -0.49424363505988467
-11.164119725505373 -3.251018479559378
-6.180455727137591 -2.79075538812097
-8.09047588094061 2.4826120471948547
-3.2235771599174745 -2.5129999774752596
-5.293083697109595 2.5369052486684622
-7.531132305661479 4.67648769637212
-10.48283838890849 -3.206998236119943
-7.585166109694616 0.829174467974835
-3.048613673965731 -1.6279655276648475
-6.103592139907747 8.74351177181587
-6.64917163697572 2.1852085067030194
-10.156543029412479 -3.856256496774086
-3.8291082887507217 3.8096503937592257
-10.030678879792243 -4.76756813765513
-8.632960264007693 4.7244497419252465
-5.3760724952709324 7.629711186040773
-8.07646728331615 4.465417475395898
-10.344001771785273 -3.9323730497440015
-10.907314890210314 -2.2341780086848235
-7.696503839369867 4.419661109642788
-3.8035786587783846 1.8907784580528535
-5.803623650730507 2.5200947725245912
-5.395492278134746 -2.672856343853336
-6.3429686376792125 2.965541027221355
-4.608659280183321 -3.9952880518639553
-8.299095697165104 4.073808285056881
-7.440328411798507 3.9162041073985887
-4.893334703009656 4.609642225111825
-5.170930590948064 9.32144872655211
-6.8607401538554615 4.383352178971478
-5.412718793389047 -3.323963445930879
-4.188457745978847 3.4253075736566396
-5.256228403452334 3.854490300844165
-5.376605090530357 2.8091768167195355
-5.10251742510151 -2.212409431998973
-9.034298447104138 -5.268800429334774
-5.953609460912772 3.5742459504181694
-8.15896315265281 2.9160740048836993
-10.875307837993276 -2.291669407098284
-8.299579897524419 4.586630359160877
-4.810407029682939 -2.642989282389485
-6.401900455940407 -1.2035855825058301
-6.006054558855714 8.484849353387148
-7.579396405597249 5.389004873427485
-6.742475912908796 3.0386363170886472
-5.60691633972217 10.455011910038191
-10.663735049218214 -4.711801295933932
-4.267209746408894 10.198601054019901
-7.2586488397285835 5.105942955864115
-4.2833371370560265 8.02783100924384
-4.7863023520752765 -3.8021225942166037
-7.993518952037899 -4.0849018117127445
-5.266512521978257 2.559324033801913
-10.729616834826539 -3.654715249548658
-5.142911571859308 5.5745298096171325
-7.91097686020912 3.0472048388116755
-3.8390324226075663 -1.163766291455445
-7.207902936611579 4.774245678802204
-10.332216012825802 -2.8999558697023913
-6.904080249068104 4.372716733233904
-5.036614043865242 7.7233795001329355
-6.001905803152314 2.839856149018294
-6.72365751162593 8.639581276790269
-7.10937050315898 6.63833240647624
-6.367044633371358 -3.579547495103
-6.924847127357369 -1.938951549356953
-10.395376263592082 -3.5085401805167655
-7.4674654054138 4.166482623819892
-8.0280307603921 4.178047039834306
-4.064390944262649 -3.295529828744215
-10.66527609103858 -4.875014437055841
-5.741520209265897 8.202862234737307
-5.121213351541772 7.96882087101938
-6.823162613484001 5.068734965644266
-4.686203919527202 -2.601409555341476
-8.104815171458785 4.485766143612579
-5.408145115928191 8.96791900733479
-8.333388067379458 4.8755818066376495
-7.977252427605847 4.288057841806887
-3.41274364792347 2.856030440528215
-5.861276686427205 3.3148030087650184
-3.7695589848266255 -1.5933877403101402
-6.157668123173822 3.543637086946845
-6.550178721608625 2.479288945101418
-6.597459136889931 3.4679263161593568
-1.8299570739199802 -3.0273709826618083
-8.703677712228554 -2.2681922885779104
-5.37999630567458 1.9886844650088207
-8.905332098924392 2.4246474822217507
-4.63553654858384 1.2687140126981953
-5.290842979750676 8.475353022170413
-6.088942474655546 9.691728437081474
-4.5907323973136815 7.932981545358606
-6.530028989647301 -3.131188950585764
-9.45540767758844 -3.762429988610878
-4.821948279570912 4.22952722848524
-5.139086025620227 -1.2155253599295408
-9.09997846908732 2.3684364850010526
-4.464574843378852 -3.7000971963584925
-6.392422211337938 9.954498211890108
-6.391265037673804 3.233584615658602
-9.617932321739172 -5.760145665779354
-5.871601864978924 -1.404024244108466
-5.4070470732173 9.082688022382122
-7.264492156031496 4.176740948420102
-9.117605278402587 4.2889782981737525
-9.861635053454558 -4.285494289786859
-6.762030296468749 4.165647334211251
-5.68499451605171 2.4092091911301186
-5.106520019804079 -2.0797058240705635
-5.791970911262909 -2.0766286756097334
-5.543812223216221 3.320298586975825
-4.92651346447502 -2.422180745416646
-7.309995053564836 4.9234982802554565
-7.725449238250356 3.8568462035919793
-5.568630773771515 2.9739655276045744
-3.8288831502285703 -1.5598407267198908
-5.725868420344858 9.966122835373202
-5.212839442695312 8.321890123053816
-10.574815944818257 -4.5384187842469
-6.3454091680940286 8.411770563429839
-5.256752067627124 8.330227930338575
-3.8130860644084263 8.485873859375364
-4.239457378653019 10.439265111434974
-5.823033904167125 3.0137556172913467
-9.881531897509324 4.042429490776187
-7.770010499495989 2.1779117440569378
-5.464502482422526 -2.707039503838023
-4.245817380812729 -3.0874999814920616
-11.175465818690261 -4.26783225286791
-7.912700199371884 5.1155800341689925
-6.5729408676350864 -1.9254599344225523
-6.678122419212482 3.8406679879398724
-7.426704491929664 4.907984408020908
-9.726925149439072 -0.21599989611422465
-6.300312875462725 -1.8876893980162843
-5.353059975642591 2.1153871578025423
-9.721116868148373 -3.2496187198433466
-9.428177022065352 4.539410207410986
-6.605538069906837 4.346099838448499
-6.967598180813408 10.145073213045148
-4.511074605210296 7.557127378080589
-6.254093948805094 9.038809266113667
-8.077835607342077 8.836338425577821
-7.841987599610322 4.263956982508334
-7.980291792190097 5.149953419574426
-6.157295260606044 2.900377119217706
-8.609089244910683 4.111133494082418
-4.283382170868628 1.7495510743336546
-7.83199362912301 3.8037144754944445
-4.158742423400456 1.2283894006762957
-3.3274905726021737 -1.9155154845024929
-4.871966086302031 -1.9759902621593177
-6.847734216552866 3.827665603115258
-8.40346369453309 -4.825639155503888
-5.550389778661342 -2.1490908408004077
-7.450024797180115 4.719418663715749
-4.4235312296676 9.87785245746805
-4.064839777326448 -1.9798637317552155
-6.6052253399496355 9.544798418720951
-5.988436811043326 1.273477470790898
-9.499747368534463 -3.1829517962648084
-5.31511644113223 8.746133576391463
-4.504991612309438 3.624785502624226
-5.83621438499565 3.9054784767063895
-6.931925533767648 4.483397278093893
-8.542854776188161 -4.230747381784384
-6.526149544508801 3.381090050969413
-5.224813027162155 3.5054717282847316
-4.480086056323418 8.317964854083373
-5.55882871707208 8.117871462013925
-6.9401883287425585 2.458802155860266
-6.638678754514795 4.704509489957836
-6.9438867337554155 2.112062865530325
-8.910613325379986 -4.321179815259853
-5.249054062337517 9.9735849493086
-7.737035053376957 4.361622054575094
-3.3474600582603804 -2.52827081025923
-5.158315421633275 -1.3630650510442663
-4.964790895259119 3.9958375683828775
-7.976357741915272 5.287323414922167
-4.8756015450601815 -3.2886796032931853
-6.392027562550567 4.8427567446473265
-6.897124443497626 5.211785481716487
-7.641232394850975 3.7794351287885544
-11.427839330031079 -3.8199294083667175
-11.71911759768123 -2.898194938898806
-8.045653463838926 4.589914607194479
-5.725748749055358 5.593004081109472
-2.6913344960349326 10.488622389330574
-4.128119732759456 8.712674918704206
-5.3701602239931825 2.1222275055952053
-4.837228545396525 7.58151806135928
-4.6947954104964325 -1.852185358742826
-4.904701523611144 9.193771084298534
-5.709397754549871 2.502961316032506
-4.710760800535561 3.4025605029331008
-6.522382189027608 3.5765602180247438
-6.691520756196269 9.862950651852309
-6.08890723919917 2.936620951434414
-4.857994900689974 2.9809959537826765
-8.388306676161715 3.7963275785786337
-11.2064723652597 -3.299074583766738
-9.314882898868055 -4.229405018656808
-8.735483140331912 3.4538234983735965
-3.028801959299125 8.6455032010913
-8.097131068312772 5.86326683076118
-8.452704754206614 4.09698979704275
-5.861475838230354 2.2130472786048094
-8.418208265235378 4.647111885211003
-4.950169468528436 9.674427390175248
-6.703592743132507 2.9273411482487126
-1.6079522776165134 9.811389977035496
-8.37228898236631 -3.3350172219349945
-5.802782326490208 4.732550613133431
-6.64451713223336 7.91503723633181
-4.791588385881003 4.353872231051396
-9.569330504039716 -4.895680093834585
-9.633781586778186 -5.2219511405447
-8.144292778567493 3.875757315975359
-10.324825707175771 3.9130277307583747
-10.985049588998725 -3.8515266131058006
-4.987234774543365 4.1559406068528775
-4.759453313742877 8.384805046888697
-4.74401648702045 8.961261214607841
-9.594562379407439 -3.8094092982365533
-9.058622494514731 4.577508671584171
-7.129942188932832 3.0132653143057286
-10.058053204566233 -4.078455724160786
-5.157561468720142 2.2129833483825485
-5.638936036021297 -2.7602582246328846
-7.572809072909714 5.120320898190768
-5.271376855415887 9.934392395975983
-9.711458990204394 -3.936464030019559
-9.382581178033723 -1.6506759743762545
-3.191718434080867 -3.8523710278893226
-7.385101194453911 4.08443902971095
-5.6390554102400285 8.831138732159534
-8.225302567004348 -4.318814863914228
-6.81660022542708 2.991919631820316
-7.44524006748213 1.4075525180012167
-8.37264557800993 4.149507117600389
-7.2627548058609825 -3.57416301450379
-9.661342537548272 2.4954069788719413
-8.0237664653843 -4.312336816267808
-5.517154714047031 -1.5948164244252863
-5.390788830324655 9.868397391451783
-7.274871209024516 3.9482031052162876
-6.036977011206266 9.40522870642446
-4.889983327619145 11.10655296933626
-4.294150858657375 -2.781852497264056
-6.734356273120049 -3.927737043995624
-6.266310128332921 3.823450338258735
-4.960513260658996 2.9705778190385317
-10.729144782046479 -4.470440587708404
-9.193068314015031 -5.368551043689106
-4.351243177983358 -1.2035834740403313
-9.319676203214067 -4.422263572702001
-8.129509457725947 5.021361837916704
-7.068548587348564 8.814708013420658
-5.831491937463092 -3.8989555195653516
-4.8008253833407055 -1.4213485321663235
-9.717599460812345 -5.099440323674852
-4.948942403702669 -2.950982089603203
-4.713947231344312 3.995016792772904
-5.846873409106594 10.137416576687569
-6.342003646590102 4.316250550572394
-7.377907419736411 1.5957892799592122
-11.018834970979075 -3.919381865862637
-7.324452161348529 3.896694461277685
-8.877775573352706 -4.784541764630006
-7.875795545036588 4.980269947229338
-7.3880857974245515 2.862611134917796
-5.6179175825701595 3.9614327871836315
-4.8137213326468995 -2.5238680429286457
-5.172711017349033 8.851763803039198
-5.112390579213 -3.6033787733650264
-7.81479987155439 2.6604760120102977
-5.632619632610946 8.482940645937237
-8.433369300112375 -2.876735534090354
-7.40506833982911 4.985424386309873
-7.67393276388638 5.475898226834607
-7.246949339670408 3.3784871946846016
-7.674652274043419 3.915516403814257
-9.003521781124986 -3.304029986736402
-5.239504374204957 -2.648547597549587
-4.947028000654346 7.39229471229186
-5.022214111018747 -1.022753566080476
-5.670502944399442 10.146016828295695
-9.771211390734894 -2.959646874943356
-9.727439427836472 -3.135707755758535
-9.618818729449957 -5.945844621550843
-5.162455626294075 -2.320831164327049
-9.706239677817813 -4.627629300721317
-10.076777577549194 -3.8100445376970127
-5.022437550698052 9.860397721639211
-5.784563082998818 8.832511398712592
-8.533932325566884 -4.073194415194812
-8.25897270014092 4.167650916471
-5.292645157971328 10.040777579679622
-6.142203277446191 5.33559094837316
-8.813676308089612 -3.1851479858044223
-5.55353342034425 -1.4470188638864916
-9.536820692638607 -4.558039722790358
-10.642543479207852 -4.58612887871145
-6.144423061925596 9.617433864359368
-8.296898316738599 4.259758217030238
-7.38119033011984 8.929110066805698
-9.997372987225901 -2.8385290955651987
-6.68232649888555 1.0791902717651198
-6.428344976459725 -1.6943098981185527
-6.145517666364835 9.66256331272153
-8.335195276364406 5.384271842027038
-9.970453358330106 -3.9335799806409497
-8.995813959172274 -3.081845174919896
-6.228812986902918 5.963070924479503
-6.448990180559049 2.9092862186294353
-3.222607529346856 -0.9918694352972
-10.377979042576664 -4.51231783427613
-3.938766062497538 10.70749859813942
-9.620338007595562 4.667464246516626
-6.722744542904741 -1.1196129169292257
-4.489125343045937 -2.778971230854982
-9.281216249449747 -5.000659904177931
-5.897319589419637 1.58692142076594
-6.076643697360697 -1.20854969916163
-6.4505655780571 7.604443664594215
-5.865629973807413 2.541415590639078
-11.085546085854192 -3.518126847660636
-6.229423749120152 8.567725053336183
-5.6210766825092975 4.638407054575918
-4.991580895581677 3.6196186831693087
-5.932084568837011 -3.084540760530667
-5.262987402410264 -0.810026268380146
-6.9128317990610535 2.3183313437199153
-7.724714412453226 -5.5404179798222355
-6.084573445053922 4.336878461787228
-4.866996918905874 3.245926847973938
-4.7335650854405795 -4.38560414063577
-4.88997305571133 -3.6842371127551043
-4.099757168075474 -2.1391630534300896
-6.220651655164684 5.218268164652672
-8.296756756208493 -3.7170506308953017
-7.366356005080306 4.096333702953926
-4.219145603291979 -4.2301115955038675
-6.42461577277219 9.959437001239964
-4.3516724426932925 -4.143266278583839
-6.71443985471283 -2.1663120646693432
-7.749892100979946 4.75618495246383
-6.085550837169223 -3.870608283372533
-6.1187427327104436 1.9848804938171107
-11.301844661832822 -4.463315967804578
-10.125718229984875 -4.268389281504006
-5.344856078118484 11.566499452170621
-8.943710777230255 4.568891888173048
-9.567145089948875 -4.465804396222942
-9.747278603554228 -3.344410258132556
-6.282113064331914 6.302284940561629
-10.322633273508304 -3.0259293970482455
-5.953080340211177 3.076955330709239
-7.202456605731825 8.665580512229253
-5.9618538969608945 2.8430976268348473
-7.56396273649118 6.20972602111474
-4.515144466683862 -4.085343647717414
-5.355103928795609 -0.8358759593406735
-5.092656124669619 8.432018554654976
-6.167846518122578 11.078778211238406
-8.275801775373813 4.595132841312635
-4.929371958762078 8.97263990006693
-9.511852453414932 -4.4155300085313804
-9.670021779729682 -4.004930204927147
-4.894232685470267 -1.6984055681712342
-10.271277626662277 -4.07442899199557
-6.6077092114462825 2.4734863233786393
-5.640295480059744 3.4309831844455108
-7.84444679712341 3.199513555789005
-6.070452400260308 2.0640548354320285
-9.480079230153507 -5.196167021566455
-3.9302629893852563 1.9695772722386413
-4.861036282065744 9.775411730066875
-3.968046525652875 -1.3993334764761252
-3.215207702580838 -4.246359217087335
-5.807924131633936 9.67070684947717
-9.284896304494463 -3.5333798324301973
-10.116033486788728 -2.635526835883532
-4.605455251670108 0.47023589911029173
-4.837323697592987 8.250785920639425
-4.8056873725132325 -2.4898902856642424
-5.573093335422927 6.793306713574671
-5.718165404496458 1.4431289575982729
-9.686021723650432 -3.5534957960087823
-5.498700697376123 -0.8752419475917859
-9.398647522811476 -4.140182837134817
-8.873982457958121 3.738897506422373
-8.26348638176407 4.065115706720658
-7.978975092125171 3.147619834871583
-8.159038270022487 3.8823327028536325
-5.289554610587452 -2.7919656191997353
-4.257176661175243 10.66558228646318
-5.5363067373883545 -1.753129566247715
-6.133019609187924 -1.550492673139178
-4.970858530392333 2.3810818673458805
-5.655253069611299 2.451540113648395
-4.831307224335074 -1.4915065913254986
-5.1608464472211075 2.664040138465876
-5.190543454493179 3.176581764928561
-5.496666274152477 -4.37726365701423
-5.758606426866626 -3.9665180651536804
-6.587586856384613 9.021257831819113
-10.5883224885374 -3.2761550440638776
-5.02363652075148 10.099044453674749
-7.065456181756961 8.491577263023848
-5.287576883120083 5.315257994737774
-5.501824697696773 1.7454091963212708
-7.0385904995639 2.374589449806182
-10.818078291706414 -4.536625162417881
-5.1693207245612065 10.25290555124991
-5.151595634489038 2.341714506383926
-5.593541408364216 -3.7493117613519216
-5.682849093534977 8.902254104656212
-4.679577439223974 -0.4066912083754115
-8.974999761848068 -4.081788078668741
-7.621650313360056 2.849018410066869
-9.840275999274043 -5.473319160598685
-8.228355003062811 9.532605035850747
-7.979248904647711 3.8513665413428035
-5.110439583106789 8.065629911086306
-4.786327766956829 3.010176109280596
-4.691450844270577 9.732858727020849
-8.999246303176697 -2.492771406040765
-7.368728975187684 2.996280320974284
-4.610635779507096 -1.92651988823265
-6.2579946106303534 9.622830164691404
-3.143766924355088 -2.778093477401159
-7.191326534567399 6.763597654125382
-8.525829956947232 -3.3701807065082523
-6.930502693322176 9.508035413322649
-10.001047283629408 -4.447722137722904
-3.0731003513050936 -2.455681154527968
-7.566350890552502 5.595584478598386
-4.739855569682607 4.707544585971535
-6.16057025568064 9.91919810948339
-5.976299756719764 2.0638029553882227
-7.04551196532109 3.3042072940162814
-7.2998958127489475 4.306556532011592
-5.958091791274097 6.379329722695159
-4.965289655378361 -3.6237011770415615
-6.095398454540145 10.05037250850725
-5.694275394198713 3.193010452235161
-3.8281967456562596 8.406788768212289
-9.286660092436664 -3.649903413994812
-7.243306148109891 2.3510925774741867
-10.183418279555944 -3.6417090509251366
-8.870394815444792 -4.271351455261171
-5.6666654711369855 2.7749582558125323
-5.881851217210286 -2.5873120295072747
-4.224272803979894 4.134990349624129
-6.2022120871966155 3.6144379097699155
-10.457171348688506 -5.185993683135694
-6.584157921852463 1.4655945194441433
-10.81247171714819 -4.66344361441901
-6.260083532230765 -0.6972340863285658
-8.785681466712578 -2.8392985216676694
-4.187511835542899 -3.1045746588757197
-7.370087909913189 2.6130515664611424
-10.60236570877784 -2.371395379249567
-5.608745166323284 10.152529498869033
-7.71310352922202 4.610179410977469
-10.16944535131508 -6.218896796955249
-4.2718149646636006 3.5500559840833232
-4.531853099876717 -2.1021090346171625
-4.553617953468015 -1.3306381825954714
-10.66548981221538 -3.8243793227880145
-8.520451725347849 5.283808357629838
-8.390394385994846 -3.1847933237245485
-5.784246573738927 1.5241181501013374
-4.407552869100332 3.2438255551013144
-7.028831926008137 8.857910173966115
-3.7494227586425044 -1.180967120563872
-7.018815051506445 6.038726846369971
-3.2979624646770267 -2.6513300452039292
-8.312851111467014 3.353242465137357
-5.580429094861851 9.268766898691451
-4.246868211098892 -3.02857594476352
-9.726140765890513 -1.830651536846072
-10.765624854125589 -3.8872612691411033
-3.999695648061212 9.580950969077342
-5.020082448726081 8.791414747669279
-6.521012353710286 -2.280723986932422
-4.187096882282459 9.861024516184756
-5.443213653082393 -1.9253556570285808
-5.152169313834984 2.276117809461593
-7.655389101181833 4.885028686512922
-5.887388120374494 2.88082015556363
-5.478195531871747 -1.6893229776581768
-7.693995910189373 4.417971287864174
-5.9646147544839145 -2.613013099334117
-6.788127980465939 2.454231275790028
-4.105555241470945 11.261470949924757
-7.531640589841677 3.7239736340070086
-9.556327276355518 -4.2230924731417545
-5.512502759872976 3.8077657203809685
-6.270038133198115 2.7450083731648105
-5.100619783409973 8.34264012054636
-5.868725492419639 11.303844775338465
-5.612537175231267 -2.093454931845892
-6.353816267374866 7.988546686469719
-3.97342215642428 10.525209559595599
-4.637762382263144 -3.560297568334322
-9.178278823642916 -3.7671468375905897
-7.628445144933896 4.795204643550276
-5.291201238225738 2.3073877634527062
-10.229081853392609 -3.4686950384967243
-6.979098367547563 3.888988124581202
-4.713817933629556 4.19623602666659
-5.4064309128542325 9.447185661929707
-10.49633123838896 -4.171992463350482
-9.473265757803873 3.879040057566302
-4.672829457796838 9.84488718264933
-7.391944320116268 -2.0817946838739667
-10.641337823042813 -3.056969720831859
-7.593344184526779 4.002349584443718
-7.1713031644623335 2.702862022875493
-3.5260008366474165 10.192272324368957
-5.121933528809301 7.707358727962795
-7.505709149469506 4.368459567103871
-5.3895979698168475 -2.2472297311339986
-3.039503272688267 1.631738231922521
-4.824871407342488 4.454712931214885
-6.231365551390005 -1.57018349593741
-5.437095753908687 3.67366741568229
-5.197176191687735 -1.5366759797444227
-3.9226620708552247 -2.7872361570249717
-11.679698323941077 -3.3602723828990055
-5.437133520383531 -2.5259218018336913
-4.014508767930476 -2.311498431233026
-2.238985471082431 1.3865843470131645
-3.9912017240964204 -1.903120317567199
-8.112740016052106 4.976822618911939
-7.165069640548592 4.240003159342775
-8.484726142757687 4.893266443463018
-8.718464550915288 -2.965186815286767
-7.596955046236153 3.8468385210016303
-6.775035919609122 -1.4302322010573394
-10.349474885227627 -3.8140749078201677
-9.904079294592554 -5.293966207310824
-9.437778077431632 -3.2341099497562076
-8.741428391385552 -4.158782927404906
-6.708524457161357 -1.112260204667782
-7.9750227395902735 2.717210790911018
-7.980780054501627 3.3798721376124763
-5.566372863723371 3.1642499610064827
-5.442978015410365 11.627015832945956
-5.473813080345035 1.7614479609153315
-4.819603096704077 -2.756212607083892
-8.16602203183417 4.5428571205151735
-6.737726233741898 4.29118527624001
-9.453283174190224 -3.7874916250001167
-7.149844815837012 5.885141552578003
-8.453346583979348 -4.119380397793434
-6.248972023473746 -2.9357372787817324
-5.9627962430965 3.6175633438384365
-6.316465835521149 2.607812408656323
-11.7150108277544 -4.401349361823822
-9.84449625121921 -3.0877427780124025
-6.236258170861465 10.22983707221106
-4.8550877842719204 2.1249786235868404
-8.640194422613497 2.929238608455405
-5.828387565086432 8.146127567670424
-5.5890477353465755 3.480618376395936
-5.0987187966642065 4.345749096931476
-8.807430909608467 -4.767104733012966
-4.071936956891829 2.184896717166764
-6.925032888357961 2.20091230590979
-6.084494564999643 -1.7713271538080153
-9.112046082180317 -2.9135362335827732
-4.791175660468594 1.9925978310139798
-8.66498014786419 4.18133062322183
-4.485430892052894 -2.8524875566612917
-5.775478199228036 3.5488506254642975
-5.182758365974328 7.6969686046975365
-4.8543334344997 -3.3964453378615276
-8.527503777779234 5.946132609509509
-10.00416918864894 -3.9829663793483774
-8.993985824361571 -3.8706586258935967
-6.536500820346552 -4.002449972834173
-6.556272746465053 -1.3969964593406483
-4.761121383276177 -0.8942944474076819
-10.926240290588792 -4.375554673063217
-9.110114272410552 -3.6775510847914017
-4.2026116911310005 -2.6171505303979767
-6.8625962493753985 10.86340665172694
-7.537139704419472 10.043980134027196
-4.688011580039685 2.8304890877046516
-6.5586599378307335 4.352666434218686
-5.356315619427391 3.227493632087189
-11.749932252977716 -3.6058125655219877
-7.517768214408196 4.09352801623937
-6.320199968372205 8.206606038831385
-5.429319426153354 3.722167611039102
-5.790063725656826 -1.8273686254725832
-5.156845345393711 4.129388999449191
-8.595043366549737 3.6296550502736857
-6.881294430287653 7.581141362901843
-5.285351385492197 2.3392328544193446
-3.1941349204713365 2.936528445370263
-9.234355608191992 -4.262532463252871
-5.7357864277324495 8.852469199117095
-10.793467270042463 -3.7866006649124673
-7.48820275325597 3.4225717379098284
-4.5006321092766335 -2.4629358729444557
-8.745099353023786 5.156447159484526
-8.21734432734821 2.432995158394508
-8.077750279624743 -2.3057356779063323
-4.329631714283693 2.733121103136701
-11.028468208576385 -4.947065921220211
-3.8090986741567323 1.9578273069716476
-5.61377512161754 -1.593795341576938
-5.425382729914381 -2.3172842174960975
-5.881358340709102 3.325084973073515
-11.178029469108557 -4.262959255195609
-5.2963013751922094 2.2524572879027374
-9.441796796422167 -3.572213271232487
-5.625686536737609 5.4998299370620405
-7.465964244630332 3.273871951238852
-7.398113416633773 8.847269687360734
-4.5455357193859305 8.781428484985843
-4.332010725554904 -0.014841658210747788
-5.555324251390744 -2.5358767453505227
-9.638060431428661 -4.30419894199689
-4.235652938415325 2.6563992299484753
-10.316313573736371 -4.2291809763608885
-10.290532228822356 -3.7151048755183376
-8.066632316776788 4.634147577173977
-4.422110443269553 -1.0376210161948243
-7.319028897817589 4.650775946590124
-9.115018991708169 -3.73333124883764
-11.080925713169883 -3.2199904539162403
-6.041461098666163 -1.613388790367
-5.322272745392021 3.623145152700447
-5.4331046044597695 -2.1552450743512233
-5.4852027140977535 -2.0042995429246995
-5.453843096642558 2.665608270130378
-10.16157007056997 -5.40874280408259
-6.007977984377521 9.251522999667214
-4.2992546423807525 -3.8437479750082826
-5.3235228664416745 -4.265911372075986
-8.255870934770051 3.400340075907395
-10.665335695731017 -3.297891091249119
-3.951066834181921 -3.1424530984465746
-5.640233905599994 4.006377457227226
-7.178363252894185 9.474020392560815
-4.484259736997135 -2.335116790856238
-9.847499077898668 -4.215181914076155
-4.419150230644049 5.140839127056378
-10.867583148849828 -2.155726570502654
-6.361792623466231 2.8033294519630454
-10.196704523264229 -2.4210415168910817
-6.1491290307311965 2.794034964378664
-6.857953344059037 -4.4357779599913325
-3.895248569221865 -1.137770310039254
-5.312771945134443 -3.237350788823323
-7.3931240812736565 -3.195686178104509
-9.311224428688057 -5.241521508150626
-7.30130371283239 3.466185430405666
-4.978744846403782 -3.823364886179622
-7.301738244122845 2.6455066818943833
-3.6399908417074682 2.2735442600437694
-5.620507671186014 1.3001186804015015
-8.149734218519018 6.323551889584756
-5.111647273414589 3.214300439739072
-6.6309097570254405 3.531709976734353
-3.7580464137152463 0.3060849116698554
-5.494588728855541 9.73261897658798
-5.629375900755914 -4.697742473789374
-6.383295931849494 8.456601564663
-6.248902789243394 9.795927600332872
-9.247011637585768 -5.024537583227121
-4.7748962166181865 -3.047655123689496
-11.241481566298654 -3.4215335351736296
-8.160077745208373 4.480874369496658
-8.454092083151608 4.463550322719589
-4.915717138756999 -2.714826898457273
-6.8605439702442235 3.4846608005269304
-5.90381605053185 -2.2507533894672123
-6.505718689539828 4.0153756741576725
-11.554850086545187 -3.71439379085119
-9.446178017389233 -4.141923773277676
-11.947970698951519 -2.2947079938991366
-9.768192414093813 -3.857823920724577
-4.857056869909284 2.2687742843714886
-10.524473258255883 -3.225159762324509
-5.005065894437874 8.633606428929786
-4.905514832133041 9.72931060924925
-6.684010825653649 6.410200769287093
-6.804816559795278 9.888247899071601
-8.850142957058504 3.2904998785950417
-5.625392587722866 10.257532093986708
-11.189014625677917 -1.4828809033360666
-4.339569625418635 -2.421055629101953
-10.876827413558468 -5.184885109449787
-4.914023568166202 -0.6854039647841723
-8.389224143894978 -4.435122948227467
-5.437689090246883 3.5142886511630724
-9.419214426954984 4.127336804136236
-5.5272246554110165 -2.7329689454911508
-6.345917192044155 6.016474122874923
-5.031523974267287 -2.2926281131380555
-4.5993380894218125 -1.8840151795111026
-5.46366810850897 9.938493008489186
-8.465148895521276 3.439667310254891
-7.675141433780702 -3.7517719887774827
-6.089861086992164 1.3073006857900495
-3.5814586283078365 -2.4150790234850636
-9.509079006627163 5.5041127976539395
-6.775937942086734 -1.6363743775837354
-7.671451044268157 4.679896964060177
-4.947350608543241 8.988508243358158
-5.533700217573259 10.186129934906933
-10.196756547839247 -4.208366479294661
-6.7089154427098325 3.1265919811224143
-8.181189756112948 -3.946106761691285
-8.693604510328091 -3.755374058187256
-4.618121506129553 -2.460402012758566
-3.469141359526404 7.641998918613866
-7.914508408710629 3.553104053774458
-7.393433721891121 2.996990387336962
-9.366315044817231 3.62755946237922
-3.7374899641514387 10.519610574574655
-5.9603948883334725 -1.4753317668318848
-10.354010131627414 -2.513776774112979
-7.037853695273543 4.1375334328738465
-7.154703527417022 -2.541293597129651
-4.69564388254694 3.827018762661509
-11.750753287279835 -5.648509689975751
-5.556742229133027 -1.4638039348725953
-4.550390296714895 2.8805544863736157
-6.9893966119893145 4.272007072210495
-5.9011141568188 3.148608728648952
-3.8518271973193556 -4.24700844330655
-10.619002036797605 -5.027808280502783
-5.839351111076375 7.911856802340265
-8.15579276091975 6.141200253217675
-6.1788089513476105 8.935884955993725
-7.164535283163354 2.8089408133944946
-6.687054907562025 10.546963270502744
-4.226081657961585 0.947584570307674
-4.626540336547837 -3.797939821258495
-4.1769803795014075 -1.4950467258702353
-5.358661099426729 -2.3567794458434275
-5.2255060550317 5.92897177072892
-10.062696587079104 -3.177126802073641
-4.061285046065256 8.437844012883861
-2.978566400557117 -2.744284244300067
-5.744208532570001 -5.096757057204375
-5.5533066401445845 6.80675502739783
-4.176561402877562 0.769012637652037
-4.100433074575367 -2.5860314631547596
-8.95214257986407 -5.13530151739616
-11.096942498095762 -4.45654219237355