-2.5165759162824095 -9.115008480859899
-8.133962415862792 5.659799205948774
-8.829081673094185 6.0275333328159855
-8.479575697854228 5.755936237751321
0.7639047423331926 -4.930859427473443
-1.3915398139403319 -4.496235599736788
-8.394962518294967 5.763725182151193
-0.4955144386564819 -6.238804663059906
0.1474497773390778 -4.265624905816299
-1.970720087054593 -9.19009543913787
-2.0165078305997763 -9.095144248415078
-2.9180810002406634 -8.931208779345766
1.1378200356020407 -5.880936047946534
-0.3989899259810783 -9.565712116760443
-1.704334652451553 -11.44877702650131
-0.0969999074217878 -6.105040295415622
-8.352104625347273 5.25505425465088
-6.948115054283416 6.185558639502848
-1.4793092067206133 -10.621744092998732
-0.074321754694087 -4.2735133520761694
-5.851905606738268 5.9571147328537934
-0.7396882995368368 -5.285001350304763
-3.2429822064822806 -8.907569601998713
-6.70734433130355 5.7334325502206935
-2.887086914668127 -10.705636620108155
-0.6528353634302133 -4.979297564493718
1.4651160881104848 -1.6375974556743418
-4.637755228091843 -8.962180115938093
-6.813200118667742 5.297989543256622
-6.653893551737 5.515097963201255
-2.6716505554752894 -12.085453590892724
-3.3653557241388405 -10.097736423594052
0.5839568316546828 -4.116924677526957
-3.221613952986109 -10.239904777482309
-5.621073926578328 5.895921255962029
-9.13119898077609 5.846356031502142
-4.600379471279242 -9.492478802407312
-4.27632566157588 -10.092787539130669
-2.6333656621285386 -9.740357214834795
-0.3758343575575291 -6.064800562591089
-2.881946159246281 -9.900627986500513
-1.3792154979041495 -11.493146490456434
-7.943421993831172 6.186549683777651
-7.610284197791553 5.330738996218137
-0.7006181927540291 -4.4731241474182735
-8.202744880363163 5.486828400601621
-2.038213111225269 -12.233785742549754
-7.366803381220754 6.859279906560587
0.5734860056668657 -4.739079317569841
-2.041355096453508 -5.280618940012705
-7.16912543950773 5.6232533444421575
-8.670231331406676 4.916766093659261
-0.8256872118463934 -10.208127278692707
-7.874865998496192 5.6245031106301475
-8.224890178030902 5.626420090462562
-6.954518201217388 6.1644578879394905
-1.6024653263028301 -9.04070209328096
-2.7842413564224393 -10.351973194128298
-3.053792314884462 -9.932200867789854
-8.004856390296867 6.5650132188088115
0.429559321903686 -3.8889553011990077
0.40699130280625445 -4.779328227971053
-1.0378218314511674 -3.599849970886166
-7.200697942529474 5.631979445311718
-9.159390201822005 6.162089638479901
-2.843680891762822 -8.395395218396658
-1.1585145019635261 -10.257872519452292
-2.410723520649268 -9.616103510690394
-2.6386600618970255 -9.697499560419896
-2.0131274240046513 -3.5459213426977163
-2.1150295711246856 -8.425854258478186
-3.4696075851653707 -10.679068893913797
-2.836356107117584 -8.947839251858422
-0.10616232320353564 -4.720118363361756
-0.3521247392154702 -4.3520394712489665
-4.449309339207038 -10.095708265031016
-3.623781497727468 -9.107746870643357
-2.061126053877703 -8.283413041444868
-7.607585484722354 6.208056521656167
-6.796252235734273 8.097054122271091
-0.14345944467502958 -4.716010170729323
1.1256927180915122 -5.35754394407027
1.1065433014941681 -3.668835009304946
-1.4845672152978726 -9.807701775437835
-2.2346195488881957 -9.652616266931343
-7.008450603117438 6.1468546092644365
-0.6696026333587369 -5.289821323990314
-3.0538698824693866 -10.311533038325852
-3.0957402293384595 -9.892928566184036
-0.32092559695037753 -3.8350095566448084
-0.43972381164562446 -5.273035759469923
-1.259088050999507 -11.152935959256945
-7.614656425109121 6.990311521363078
-6.825016380141804 5.537229847064799
0.47287466204658685 -4.863598725999443
-2.406596521941484 -9.763276067956156
0.16942709716193216 -4.158716474929422
-7.22360526777882 4.799897030959273
-0.01965000691853827 -5.3280323901241715
-2.0572239844132176 -10.67172187301336
1.478075886449861 -3.393734470071271
-8.11929511725355 6.276116563116386
-4.548288621035477 -9.025157647137938
-8.821220727392216 6.385406963362373
0.9889202603506398 -3.449261704656428
-1.6694042176801307 -9.173979894853922
0.2661103252493985 -4.2816658835063635
-0.019176864949244005 -4.294336463564714
-1.7264638049077714 -9.226375324923628
-1.7345150398126499 -10.474433358642909
-1.1917830253720154 -4.182835443158991
-0.6483107860428106 -4.998278118638518
-7.145638875054345 5.908047825444149
-4.200152855050654 -9.54567733465951
0.47059204625505735 -5.038356195913195
-2.216852501653659 -9.569865742170192
-0.8273080952074829 -11.808859153387147
1.6802492490668839 -4.597752987746445
2.3986567587902234 -6.08317033926191
-2.648801069613807 -9.472163013566428
-7.230371152953768 7.005885878364897
-2.1761227452344567 -8.984634946862343
0.15482304520092 -4.813090665110507
-0.622897048089333 -8.63616469698136
-1.6175370139011513 -9.4065811658318
-3.6354058098397815 -9.152325844886953
-1.7782367487504882 -9.662356133352812
0.7084499978373013 -4.054812831174034
-6.072435987561399 6.6991331894066874
-2.394636397640949 -11.16712653629326
-2.405862105735548 -9.79021497442815
-1.8262086529969361 -4.951642390478464
-0.7047330292566927 -5.024719091821224
-6.796146298585414 8.75303918922353
-8.776604306843758 6.383125392368744
-1.889775205079089 -10.640626546776675
-8.056329831301664 7.21224369699091
-2.382238021183948 -9.594747120859868
-7.546020571246974 6.046483834336177
-6.943004140320279 6.385657518150179
-1.3644614877670636 -10.569180018902907
-2.0687008320695828 -9.723907581031309
-8.79257200743918 6.047014930586145
-3.636374654742352 -9.167126785953116
-6.470969508887584 8.141719752122707
-9.912802651347421 7.422759317115192
-3.2396394824778243 -9.106225087690449
-7.396151709435764 6.950821450534966
-1.2049552092709357 -4.386966948831473
-1.6238812956001012 -4.769682845045824
0.3814360078125733 -3.356531242367906
-7.142585257210974 7.1467397638430405
-1.9091012409699943 -8.787715943742853
-1.0074437993482608 -3.3315659433056304
-0.6353548111692704 -10.864289050052063
-2.2624153603964214 -4.316839601374469
-2.3711697792402693 -9.249309101815623
-7.230811977654693 8.249788442266976
-0.40431040787325934 -3.7233724229331964
-0.7106406913465935 -4.512135131579837
-7.617267648390715 6.065289100848547
-0.3383899539558724 -5.127467936537952
-1.7023515230000608 -4.437782062223626
-0.9493186365931605 -10.803738603975905
-2.9509973906405538 -10.043495623715392
0.833325463637164 -4.86321690866867
-8.205658767578724 6.381593463187505
-9.569300169684375 5.03959769159103
-7.008827490902547 6.695001755329738
-6.721899827069241 5.33843141325757
-2.6007791525223714 -8.1154793196189
-1.0403473572078696 -2.997917070303211
-0.7638696196820648 -5.278705438504733
-0.7115597153874442 -8.765365594193387
0.06721003316369964 -3.42518777707423
0.20790195540059977 -5.565617287960297
-2.3026773655331167 -10.215311864706706
-0.8162841415086561 -10.941202348384863
-7.22610508078422 4.623304783241364
-7.165452021455639 6.487978593518092
-6.781473596956343 5.869221783822665
-1.1725830091271723 -3.5926422585488273
-7.2512244631720995 4.472481730003186
-8.634409593838098 5.486913988661864
-6.821729145225247 6.24456907622739
-1.8001410599006635 -9.768327537275699
-5.891643865606815 6.49621481071671
-8.00288101542862 6.7034919676832585
0.26290080474513455 -4.246147444652447
-5.482229152306443 6.519829500149812
-5.0735065786805205 -10.251341102513395
-8.291848718627065 6.983223677278845
-5.247708695774596 5.654559386702376
-6.777232437381136 5.154972069342286
-1.02281347956916 -11.065493398678193
-2.1379691881611826 -9.162287183419963
-0.27342187963255293 -9.608011902330196
0.10211875273769433 -10.746720588996832
-1.7790520502035323 -10.861627626163074
-6.9440053687222605 7.504222647644597
-7.685438253889343 6.645765068498271
-7.261563747276584 6.66078757365641
1.4475977916358502 -4.270780988484354
-6.300890736715713 5.900525223068926
-2.8711885633449103 -11.39882377878143
-7.545486798881549 5.468215788892399
-7.648987095077811 6.500105827261692
-1.082309651853686 -9.803056089931554
1.039025366597952 -3.589334041408776
1.8932501362527088 -3.5406732115482535
-1.9011569927785117 -11.215625222008422
-1.8832004320002 -11.436636044195097
-1.084327475627476 -4.680518747750828
-5.717953242831512 5.500092559319613
-7.499212050857543 6.0181597577826516
-2.3271781066800705 -10.201380617972903
-4.014534392962672 -9.648570642330744
-1.5095796631005767 -4.452392711045271
-5.990086977899191 7.274959179696854
-8.129932369480763 7.4400022980734555
-4.6589164943862915 7.101815379647753
1.7590989565772817 -5.225291078530023
-1.3553953490417738 -3.89737340555241
-7.121485703093021 6.189988222208928
-3.34882958843565 -10.904351407204357
-0.6563627832642425 -9.118839594579352
1.3190270676895153 -4.101548413204101
-6.532730805730327 6.375989705652094
-7.266295669522394 5.962103916025459
-8.079892879350423 6.1780601226672776
-0.8858724179524795 -4.271505697940894
-6.828344169689767 5.276422442180277
0.8127670895933801 -6.0035894922813835
-2.6759771667167724 -10.504016772003164
-1.249932191372522 -4.496516566285514
-0.9043040244300184 -9.621296446525953
-6.483464471479011 5.621940116642117
-8.283571030666515 4.29648343159722
-8.107315994253113 6.549376961503264
-7.098582665369418 5.3213599449369475
-7.2428233453316055 6.394099230799636
0.44559078786645767 -4.162332911098242
-8.24089500863863 6.5715339247305185
-2.740596956987198 -10.387924518057135
2.0041269928817673 -5.01950733638521
-1.7983983910268935 -9.14708516775716
1.0301386131433143 -5.00078980644475
1.3480496029856666 -4.537105571523094
-4.416166398749671 -8.770663078221727
0.40381780933611483 -4.57677337202866
-0.8905019252646513 -6.2635350018720235
0.6688305798984296 -5.139234808045702
-2.5894308149630767 -8.61561182899152
-2.974909688722529 -10.053998011756601
-8.428659496302302 6.596160966133942
-2.752986716142449 -9.332949747688657
0.6180111625193168 -5.760380156628694
-1.4204423139065019 -9.606080156968837
0.5898098227289218 -4.592260744069408
-1.9330083163268634 -9.308328238315596
-8.339675058451165 4.48169444140604
-2.6260181757259518 -11.059053453043852
-6.4082010338206485 5.444669856017775
-2.2246408415924734 -11.406322086677168
-6.27553773361206 5.4745173939182505
-8.498287068268752 7.264992774860327
-8.535334668945262 6.232165284583825
-3.376005417771448 -10.217437678935214
-0.17174444470709382 -6.637121789979981
-6.855201870898196 5.968638247622935
-7.201196784507313 4.3337028274229015
-2.329911121154171 -10.054777896173114
-1.4076188418341586 -9.971069520256766
-2.804723458598048 -8.867995812198796
-0.34064074225139856 -4.570920667347441
0.09097658253929508 -4.205533410060883
0.20470587924015032 -3.7209604545747834
-8.885055577061262 5.881055015266801
-7.2389937060402705 6.305662698339561
0.3867998311882073 -3.194077268389888
0.5544565781151756 -5.031383766892324
0.29044945039787173 -4.06344569658226
-2.1686433252370794 -9.678382638587331
0.850752772511165 -3.0206362708632692
-3.0197205922382446 -10.094757578557124
0.4605986884835686 -4.900574932237543
-7.521043117160797 5.504200242606655
0.5544838286774412 -3.6999865001323475
-1.1248511429477148 -9.475249361139884
-7.880817682876608 7.125251093837069
-8.384336600120982 7.119705288162194
-2.0027813126550633 -10.363354335275702
0.3014064917320986 -2.1207690666510146
-1.4535181737770313 -10.88023874564425
-2.887251013214111 -8.103527274672132
-1.160810770993885 -10.967337172533613
-0.09314997776073525 -5.5973489038465605
-6.729628956558772 5.7343821850943035
-2.763236138075391 -9.525797215848558
-7.6911929385173385 5.930815896303329
-1.6562805867316255 -3.7252737898039228
-7.030732288421702 7.102543354272931
-7.754365924310174 5.967473382846413
0.20878581754584713 -5.039564145851544
-5.997482677749456 5.295074384410829
-7.396913434996258 6.233881988463296
2.4499066742481417 -4.09956736675114
0.19202274238223493 -4.410818157998651
-2.4743701715699458 -9.47668977274704
-1.4761171834606444 -4.265054934533098
0.1649212147859377 -5.788315491703658
-0.7731152037535725 -4.572009141774086
-0.9960032343015164 -4.5348727434128655
-7.1527349791589865 5.692457370449155
-0.15044881114216713 -5.148196344493695
-6.6366568826906835 5.706058122024537
0.6419127043268217 -4.022100879501388
-6.308473617349598 6.1685865153533825
0.9333367361336329 -4.128318916309588
-8.556357198340567 5.814477842818188
-4.464813962679079 -10.745354917461475
-1.738698098871461 -9.138387639094447
-0.18635204399152555 -3.824197265563832
-2.3452713756693853 -11.953610241661126
0.5304649677382223 -4.046895686175251
0.29895076953186855 -5.060788529211666
-6.912237130084902 6.066444017440535
-4.224816627656212 -9.017865364551673
0.3640500007447168 -3.7294937354288358
-2.967948817949747 -9.614806893490531
-1.5873050998844862 -10.697905815499425
-3.937254304208465 -9.872848184843445
-8.465677405456947 5.401738789336387
-8.556279477456199 6.345806498621786
-3.0855426630821716 -9.234681921682537
-7.436225128133007 5.8010747128537785
-2.057053075193205 -9.616456542468834
1.091309216019984 -4.9471382315251855
-9.016440561194246 7.230450848508228
-1.263960696854284 -10.245223681782356
-3.0902910997714113 -8.942112441675777
0.15363487263216646 -5.215208736286178
0.8975498324605599 -6.297191384142556
-8.104322269874931 5.6781544087693305
-4.539198469856741 -8.747364045495933
1.004586514884505 -3.3513302762423542
-6.954583089154917 5.750295795461601
-8.905243251133463 5.402477194829282
-0.9220305747868169 -5.9908329182917015
-1.2668882668189634 -10.79349251086997
0.04900193123773071 -3.606057634480528
-3.351136080041507 -10.260351316260854
-7.143824255586546 5.331957490528862
0.2063981526406567 -6.250916170200176
0.47831458787046177 -4.7973001148025896
-3.084229959244495 -9.036843069404336
-6.996518573628294 7.9346596258608715
-2.981309228468148 -10.880961697036433
-0.33061991601526775 -3.3734885299209574
-0.3470670907846345 -2.8495683282638913
0.3903733198503754 -4.1542732477526965
-7.117335949409923 5.85699810323627
-0.611724950235888 -2.905497265132687
-1.56504032097631 -9.51584688963701
-2.4152679172516565 -8.774909465142883
0.09386945069183163 -3.578372248564764
-0.30587094863186054 -5.190934649887881
0.02850737007487504 -3.763568957717691
-1.7348801463804362 -10.142215780014471
-0.2217124667168618 -4.61308100332733
-2.2014896706778453 -3.884638147659289
-2.1554619901134933 -9.659596659952156
-8.854776489695933 6.741654168563118
-7.5902126731557615 4.968115687354327
-2.598793214736244 -10.324745328360406
-0.039018690003960216 -4.487492336783684
-7.85662627411126 6.186758099798682
0.16841322040776197 -4.445001838438979
-1.6137107293134942 -11.055391132290959
-1.1772622802655703 -11.294895568921188
-2.39812275749101 -10.370579710980778
-8.391970716243808 5.827048214712304
-0.7391901448400459 -5.087569584113817
-0.2208667082240453 -3.6508727074873795
-0.6996973780453382 -3.047769310339969
-0.9328916159166258 -3.6978819669309733
-1.0551537000154823 -9.170137013392534
0.45148732683080717 -5.256604794964905
0.7325031495216464 -3.736177910359837
-6.329579234538258 6.200159221390479
-0.2267753576145451 -3.4679943353449745
-1.1663572023592623 -10.711395793735846
1.1944693167207294 -4.989213977420345
-6.976980304290886 6.667143973344938
-9.253691650222521 6.547661367681067
-9.270165529457566 6.360241159226375
-1.355652379453602 -10.033506948437962
-2.534715163114083 -5.7338936338617525
-0.7532162572396849 -4.869051520869287
-7.465623859518313 5.460075610073014
-8.59390529219099 5.846359262716454
-0.1962950885156141 -2.4027202190844132
-1.12012919719719 -4.861346569017745
-0.7745684394763436 -6.158034143312393
-6.715576764139329 5.776623776953606
-7.843774057253617 3.5665541771816636
-7.9653217248315755 4.504165260422944
1.2851789428012914 -5.1411503570824975
-2.0872986920260965 -12.899722442480433
-7.581987686239694 7.308231316081516
-1.6085075523245698 -2.3812558587669646
-1.6984912534406371 -5.9532972169592435
-1.9912504467185856 -3.6773124899763947
-0.5772219355816313 -9.84782354944279
-7.410649687190168 6.434490272763885
-7.473047343110927 5.859522763959967
-0.5729464785290187 -5.481169494295702
-7.129935229725052 6.676652126970821
0.7483639459885173 -2.7899145211636482
-7.053579686208533 5.816510705123237
-2.413424940462995 -11.142838418934305
-6.909580780154689 6.021838098469748
-0.8089521242281343 -3.69806399121463
-8.897729049923292 6.029088642934731
-6.667405097194939 5.876021590472148
1.4588423283111431 -3.7867652074256912
-1.9339872416169193 -8.060086685247331
0.09953979061078802 -4.246029322874033
-3.107894415920837 -8.653961394693166
-3.845206729493663 -9.833589918905357
-2.699719614101353 -8.307889520114076
-6.476843437916142 6.5253775618946674
-1.2637257310612238 -11.145660571785257
0.7482160914453376 -4.702922084935856
-7.202113039115751 7.43795008950595
-1.1796335349058729 -2.902440470763292
1.0253617460667255 -4.858436138410982
-8.561477822048426 5.606981178224704
-2.538521307705477 -8.798893827028177
-2.023326303169259 -5.135368825734403
-7.329600028980037 4.814777752594184
-1.0890650623412887 -4.580650459104609
-0.39422031514229816 -7.866197803257491
-1.4548854667477844 -10.60691497545902
1.0743803906645129 -4.602391689953318
0.29645127050876874 -5.953117435856839
-8.60309865035984 7.4622279879222955
-3.128440466780207 -9.03844838254604
-7.824394512606878 6.799189016271489
-0.8520024712232809 -3.1916670257602657
-6.5825622567838975 6.187621016742563
-7.5004508404244365 6.230737239406375
-8.26558310692327 6.097066183090243
-1.6223268550965855 -10.730398135524085
-1.7838792635430374 -10.347316490781798
-0.5507022730240374 -9.98974360011477
-2.9681198932607282 -9.519205132606766
-0.9150113081525231 -5.157152480777055
-2.343853122810388 -10.249959128272556
-1.4098613140557608 -10.46394528869697
-1.5781147437960326 -9.685840419124382
-7.705246056468287 7.52648774876997
0.139855545817158 -3.260523692272854
-2.162628395213886 -11.985406321567599
-1.4759362598432821 -4.437505870535076
0.2703677241270115 -3.6455152390597068
-6.659047659204186 7.831356688332894
-1.4883538679957313 -8.626199680848972
-1.362573543427025 -9.722745389257268
-0.4281380353309282 -4.365546755465338
-1.2344393139830168 -4.127063359766515
-2.7392222904391175 -10.384471694294916
1.726781541585942 -3.684036546850839
-7.067343328619291 5.400043750587399
-7.5118227266695365 5.856882953090413
-1.910043140511537 -9.761372254918115
-2.8458465453314385 -10.950492231961288
-2.8079367624718086 -11.017434695243214
-7.492336771435674 5.941777353889286
2.6697864504069857 -4.291958164605201
-6.261762535511085 5.62643224628743
-0.13604314126952 -9.142448623654516
-2.862788820992975 -9.546380796165938
0.016966714448401754 -2.6259453050107373
-8.352351241414233 8.170727275733764
0.8920508197524313 -3.761659727598304
-2.7300426410506855 -11.654436983147084
-0.9097300983403567 -4.596837394885065
-0.3118707388337794 -3.7002668891033466
-0.4804372729746663 -4.724078807791531
-0.20300677575236054 -2.985203828177836
-6.909281452013124 5.281426399791437
1.2204230057565677 -5.2119073342365265
-7.3123394038631275 5.561580980473431
-6.62160758660848 5.645419272341376
-2.917034794033568 -9.122628420488715
-8.082937068107672 7.536652162325796
-1.792935835084752 -3.3902491030421453
-7.993985077838693 4.55091227070108
-2.8369702693159606 -9.30929047385941
-7.188234772986149 7.027485740993713
-6.653273361853202 4.769578093378286
-3.228859450483801 -11.711310845060929
-7.9657964584370475 6.137508525134499
-0.9530929270094788 -4.1522529153328485
-7.520592741864688 6.642088985388212
-7.468580640007303 6.483546241839134
-2.3518741076155734 -9.801768665434441
-3.4565706959975433 -10.013361870991268
-2.3578249746078503 -9.88265016180942
-6.819901964894959 6.337182411964728
-8.584031054392371 7.047539271178022
-8.673491159300298 5.8745714346154
-0.8713850970465782 -6.183602010141149
-0.09894355908692543 -7.74644636530369
-2.917863780811334 -9.22379601602134
-2.4632810049394407 -10.049202003047764
-7.221532949576855 5.781940007916704
-3.7725381899416104 -9.73599168687682
-8.134091762685323 6.64632965626502
-0.0027351427443277065 -5.486434249867961
-3.3154644491840846 -11.34993884856505
-5.945144422872634 4.493193304821062
-9.66848022894228 6.191669780429608
-2.6007296872738737 -10.478934987261418
-3.163478597783892 -10.225214539966059
-0.4716223830232713 -4.457435761668967
-0.9559808905240974 -9.704455661492752
-2.175924510216094 -9.843711518327552
-6.562896990089621 5.392164143998945
-2.8058020943017596 -11.710578664248203
-7.549762642317982 6.808341669101855
-8.81801156604619 7.1166902454441745
-7.861779940306599 5.884780017510365
-1.6539484138285196 -12.597542459346585
-9.083008815169496 6.949127433410753
-6.902737276862384 6.57847131035793
-4.789059425945386 -9.09181862503152
0.11781815837761538 -5.744025854244656
-3.8783315766932045 -10.689187815572101
-3.7807616763124603 -11.426244105391099
-3.1578567435854863 -9.969141010842732
-3.691805741598245 -9.6494853417511
-7.809393322909782 5.964733815229123
-1.6238032340249002 -9.966052703391783
0.6362460256278927 -4.434439667364683
-0.6944756405510911 -4.196044756688484
-6.854844485458914 7.376717235475639
-1.8661202547316678 -8.834219633237511
-1.232416282206513 -3.679280479018795
-2.7886948638212217 -10.704250778553895
-1.281224407513006 -9.56657445765753
-0.22781517228575449 -5.211867091749504
1.8188327831035016 -4.557696025011087
-0.626059588731665 -4.962725940562887
-0.0015453830096672228 -7.774422432478088
-0.033963541922842566 -4.631213477844104
-0.5145354091298131 -4.528619706049477
-2.885251042646067 -8.015478677441505
-1.9926398974376416 -10.334599074373598
0.7355396306016535 -4.547359548008049
-2.3878036046363738 -8.604421810561607
-8.248012846552125 4.964663339447555
-6.2989796647033 6.230948333712435
-0.9940402208857442 -2.7292524275148553
0.09998478809691341 -4.142782723157862
-7.29710787950965 5.598179302567375
-6.532842415768984 7.638245457293001
-8.38241508542971 6.581704236904282
-9.571469984619013 6.019569569521125
0.23337226113400433 -9.254000933503148
-7.124781113671524 5.43560978474895
-7.748451409012932 6.298985599335024
0.42507482891435877 -3.955979510046497
0.49832492228788644 -4.506792559685252
-3.981899087522385 -8.714327271793042
1.1268333150133907 -5.46869827344619
-8.471274260697824 4.267713483486332
-0.7323965231404259 -11.14598046561574
-8.304884351717522 5.502271377248961
-1.3618656873590451 -10.325225121601829
-1.0656038270569035 -9.615453554565999
-3.798510834794736 -10.730722144784314
1.0029377961240677 -4.578676221830521
-2.426632237664516 -8.705365975016187
-6.095962438930625 5.867958552408428
-0.7722981788574024 -5.236879288334817
-6.907972039887087 6.573207295611791
-3.0786134050775384 -10.915116065839575
-0.8536430233835668 -4.988897395199078
-8.654323920306116 5.0659265098539885
0.8899054467244949 -5.141373732921701
-1.4170268384912452 -9.046030854675328
-1.421838259141232 -10.394271691100023
-1.6504507769365366 -11.269576466926955
-2.6260733022474954 -11.476263378089099
-7.4333608293421225 7.843734091276927
-1.973800678529691 -9.311112963393285
-7.538471868515765 3.9451999212075766
-0.5424297735786137 -9.856237977892937
-8.399766011041322 6.789385731953726
0.372707234752077 -4.918063052991322
-1.891613396845397 -11.761826233500313
-2.407886607096985 -8.749351781976173
-6.091763433467147 7.2990675192628505
-7.633671575818115 6.761654863998485
-0.04864080210942848 -4.262311822253889
-7.501791327650682 7.579081774406188
-8.625773956439469 6.826154663603155
-8.22568857132079 6.92940361034209
-7.030746204271647 6.504394028868447
0.05860702812263856 -3.91736615888313
-3.2034586721113896 -10.48954713684831
-7.152863441075159 7.964889060502523
-1.5862060959120907 -3.712971771464684
-8.325661941643528 6.47793855515795
0.6177282893191083 -5.0230049675569495
-8.51417407194374 4.36496646716278
0.10755699555885186 -3.6912901929774193
-6.460518705004286 6.047535188240981
-0.4374788403572131 -3.4107941217879274
-7.431879526356514 5.849040563396317
-0.1481028688987278 -10.405649221192549
-7.569398725158807 6.5025326269903205
-7.511782775167131 5.269046293824084
-0.0898349249794336 -3.5882607625638863
-3.289724313520669 -8.369330191131077
-6.960038069415272 7.253930878185132
-5.986262806317524 5.049631757189093
-7.497162805515892 6.449695230668077
-0.4268973744607495 -2.21344046062107
-7.780808052023867 6.023747220145541
1.5969465188137784 -4.888881119507954
-2.192728544271825 -10.19549945134286
1.1493958899894479 -4.210471969427045
-0.21956418730867044 -12.171725551802304
-0.32660733724666646 -11.418910551225222
-2.658008318968815 -10.509197242321699
-0.8724018144220258 -9.40695518460598
-0.07532253455900229 -11.144279123653824
1.3216385203663708 -3.7953913039398026
-8.325976451869561 5.899097374199579
-7.698708943101909 6.495359976506849
-7.493406062421973 8.078935973081762
-0.09775397496310423 -3.3354213048760823
-0.06207540028703695 -5.291712623505985
-0.09629649209384472 -3.8348507890968677
-1.9866602240986142 -7.024374154369035
-8.384888851735086 6.4919967439791275
-2.086879355311036 -9.674726421039193
-2.769738565887018 -10.848546266002844
-1.9183208542980343 -10.408446181428172
-0.13235352726934452 -3.9257073914015317
-0.8481803532927726 -3.0782444744793924
-2.7659460063141412 -10.372336374955617
-8.421425863055124 6.7300126251316605
-0.11385105986250155 -4.865167765503073
2.056171272570187 -3.0909736647918313
-0.519198426120609 -6.371151085781738
2.366655388632331 -7.004771417263894
-1.0558065772219705 -3.1197594929304793
-7.616490170666047 5.689292863851
-0.6142590756352064 -5.24406991721487
-7.85200900355978 4.586263646317063
-0.29901734445159683 -2.956706572049484
-0.7599549597209506 -3.2280478721871333
-7.736661762818283 6.304368216798141
-4.010933710701506 -8.984763516276253
-8.163743452726173 4.430922480147646
-8.341010797922275 4.311054767051457
-6.520681190515102 6.677897155263077
-8.649481279285668 4.828240233877064
-3.3555267453107946 -9.147040795474062
-2.4866466098545987 -9.513680910520169
-2.709340938282392 -10.378597573858855
-7.583993833363565 8.14267925543845
-1.3787449794401831 -8.794248885552342
-4.239258619438123 -9.616094370709039
0.9597965498357396 -3.5218200120259473
-6.587741500688522 4.609667673460855
-2.2422880991739955 -9.875523913651682
-7.606540891036127 5.390931045210296
-2.965989472349401 -9.960995711653457
-0.6404957787840317 -3.564187475751052
0.5711318745113634 -3.8836850604201594
-0.382652935276678 -5.365515642444876
1.155953385393227 -4.08459161175748
-6.733743201551893 6.718865357578807
1.80664867636207 -3.1129866274327647
-7.7674830225447336 8.935443565609711
-6.641925661989706 5.367105590128795
-1.2037826702446102 -2.9507261616968528
-8.043621812239563 5.415119459861877
-0.6540405973454181 -4.244073928550526
-7.838198506534528 5.2152935497509105
-8.040578598425206 5.046015723520616
-2.0494253466502648 -4.385574225648089
-8.273460572268693 6.9087702181374295
0.5853251702961588 -4.630527579519512
-9.855135695995958 5.653698308201088
-0.5042427534307026 -10.835299298554272
-4.183135790155453 -8.998120200009309
0.10087529281143202 -6.032513394481115
-4.29518710870104 -8.242669079203722
-1.783864158916812 -7.849584245656574
-6.084917722743345 5.6664319069981195
-7.273342233542813 5.562730064485231
-6.916231324977769 5.455678967904566
-0.7268531469750998 -8.777927538498115
-2.0584036354854276 -10.667552424677552
0.5331425392867544 -4.016410042078021
-0.5948655016353591 -5.193369188730469
-1.48825904830371 -2.752386476202851
1.0713547812360438 -3.974706846812214
-8.580371031985742 3.6862099919246933
-7.201820223426719 4.893393976602459
-8.122755819169463 3.793349933754985
-1.022635947473299 -5.017093090591957
0.2877579546535287 -10.62753963661052
-1.8228253956506522 -8.729222155139452
-6.546827253282852 7.534816256225301
-2.691546254464288 -8.795826571248488
-2.7964997638882574 -9.672904431054217
-0.5211792768416125 -3.9030892940323016
0.722054870699783 -1.9607343216012665
-7.855497917886971 5.309710245206542
-0.37304765856693 -4.486690740267209
-1.0543506301454264 -3.7242822925242947
-5.613476135019402 6.770565075260062
0.9027452027544338 -3.5188246838369226
-2.9021858608289604 -10.507534233727752
-2.901534270018838 -9.759593954227903
0.9854661101169614 -3.1197321830196545
-7.496333058586517 4.470501096658411
-1.9117166199118047 -9.787310009794261
-1.4383068234329948 -2.5040141242958143
-0.6973335651148974 -4.561025322828809
-3.6027902879505183 -8.646352899036232
-6.573676415268986 6.146464338152476
-7.37683686411065 6.943864147829395
0.6318822631611766 -2.6064519757366233
-3.3795742073105424 -11.231673603039308
-3.053746778574576 -10.93508921134542
-0.5300818662491122 -5.01117116908372
-0.5983321041514441 -3.3621716355525013
0.17354813719322573 -5.627844380956547
-1.996107382948824 -10.57576806938721
-1.5261639580854571 -9.390710287137399
-2.1777650707669745 -10.405523796735137
-8.750414982427396 5.3120859608137305
-9.255994872965584 5.951867266115813
-2.2273881025541313 -11.137618136819261
-8.37932462972592 5.349221245325174
-2.917824499798824 -10.843316676809497
-2.9684769386688115 -9.639358839507068
-0.7809812909575045 -2.8191734168182983
-9.010559009089505 4.999026278650431
-2.2456925011463644 -4.153790964632774
-5.355365147231886 5.755046041304068
0.3717282764284101 -4.488544468174557
-1.2634182400033052 -3.766439190962126
0.08191233670776828 -3.079417905945671
-5.888616769623351 6.066616771508433
-8.35445415033909 6.595482604995698
-9.092025211907611 8.612099300547733
-0.612810754373408 -9.424674374321201
-7.368438295348676 6.61150943789696
1.169143345792446 -5.692454798454186
-6.841660471665183 5.56233681968408
-0.5802648614160468 -5.3673881889532895
-9.141587527043855 4.605304090571979
-7.15072335017976 5.475630071616089
-1.6066071324122353 -8.974182600479455
-0.9469256880924279 -4.0422221281257595
-7.738213865918559 5.0622284410391085
-7.082150420195533 7.261727390405743
-7.696854983114287 6.895330678781207
0.798579394720533 -3.715888395145488
-1.0544414532142221 -8.29639885726985
-5.938657833637496 5.416178145360755
0.16162690127822446 -4.502059343824561
-3.078205255259017 -9.708444075424183
-0.6822786581085216 -10.735880630217466
-0.8156484839588224 -5.218946778776687
-6.610112135737853 4.622210621979782
-0.7990780949134486 -10.730369015036938
-8.67917118868549 5.591871735721658
-6.94810220214516 5.33466197309309
-6.919256479296859 6.351783033558159
-2.685679505507286 -8.695656042810132
-7.625454597756322 4.929729043072668
-8.162366495153748 4.230839554865683
-9.374936643705052 5.787447157002929
-4.080978716776154 -12.108989933962256
0.3116286777788331 -5.512977574929559
-7.821735682070266 7.08190780802415
0.8857040162992108 -7.372032433764466
-6.337890611583165 6.247080580333443
-2.203845927706618 -8.174380133104648
-0.13560219747980545 -1.401762390479572
-2.45034350147294 -9.322324979209265
-3.535395287739703 -9.976305640835406
-3.1948419633104095 -10.231231494917832
0.5882984836897955 -3.8554670207540527
-6.446019571544724 7.230347946854487
-0.22049512588597037 -4.4547120660959685
-2.502791752403458 -9.82523870538295
-8.501058515754952 5.5774415415625835
1.1459016889208344 -2.952714248617779
-1.088310757692457 -9.788729906241006
0.7571085936257483 -4.173026514332084
-3.6325616654985824 -9.026888461324344
-1.0942219843511896 -4.111173771060023
-0.330251683823349 -5.3043623652567735
-7.718169896242811 6.21189219238722
1.2173358206343179 -4.107035776547737
0.014421176193768676 -4.144198816129717
0.1373393772233436 -5.302019627528263
-1.1411487098897946 -10.966962594222219
0.5506433662035171 -4.776292471495723
-10.004664497065015 6.401990821503783
-0.13464798097184327 -4.517866660636986
-1.2838702230125698 -11.133123093755785
-2.604645797496551 -10.060638944839175
-1.711146737275999 -11.20880582124711
-2.0873575641808073 -9.05707945691943
-1.9488859586419214 -9.85660606308838
-2.4724735775899807 -9.17566625708837
-7.767070405714365 5.830105313337573
-6.3544695368818385 6.348722772541211
-6.155130662125738 5.209728836614004
-6.8938774412928305 6.523959987970117
1.183446668216865 -5.7586105429944805
-1.8393683611339064 -10.059275656375238
-1.4144931113102759 -10.085646623010568
-3.316365989304872 -9.29435189339129
-0.6131986655474945 -4.159165851452292
-2.0631588398297738 -9.591014576087217
-2.287870297051191 -9.808003615690629
-6.4106573967317075 5.738037991229348
-6.673005084404677 6.494456311308435
-3.4338237613290907 -10.799966849335267
1.6484123395745882 -3.775891080233226
-6.048390307028507 4.814737517700647
-0.32164395038541294 -6.282009971783824
2.0126454506822204 -4.07319366486325
0.7604464405919096 -5.033080612450288
-0.3354092700363644 -2.888702508143825
1.6897538805340535 -4.536424069271946
0.7702306789279015 -5.167161571269364
0.21239080174049252 -4.223096159402583
-7.919728345671933 3.357300931385573
-0.8201549842116 -4.5631306701385315
-7.563336961617567 7.921675063452539
-7.618137758096055 7.061977045975671
-1.6200362326621942 -10.669545923333818
0.8008381063496156 -3.0209959086901055
-8.188558258432812 6.458642660623658
-1.9402258860466683 -9.444155214363384
-0.3244839476178166 -4.615430998630908
-1.189964884579184 -8.839407579525322
0.173824061772794 -4.953193567979403
-8.591393916917902 6.971313071946738
0.47962401349146067 -9.733774031747503
-1.4521986729546998 -9.640966460580138
-3.2124564658522488 -10.446195956896625
-7.1077219427169585 5.4205036381684115
-0.9467449413055609 -10.583561342945123
-0.6804409639860252 -10.577765313510598
-7.634397307082885 6.29011879265993
-3.162268699382281 -10.091491450639095
0.1755572026488433 -4.584429098386412
-1.3177519070898571 -9.074605287444369
0.18363620183639923 -3.9413928369993108
0.1640333175788366 -3.9785750825642694
-7.8238707640814855 5.834757112283663
-8.678228004351805 5.7688490315704675
-8.624068468507428 7.014063869180932
-2.847952552729197 -10.839498650822305
-0.17777481726178013 -4.3798686237975755
-7.103275974583212 7.150801445576488
-0.5606746401576927 -2.889481726137826
-3.15517390577892 -9.148635288689489
-6.723012834520983 6.274005955473184
0.04855202968555819 -4.61985495715219
-2.758973104551803 -9.385597619753375
-2.933772924970043 -12.66922235472788
-9.406295168358437 6.757819216967766
-0.1956299907829288 -4.794956228454603
-7.088793457803135 7.84607085562924
-1.5270373666789574 -10.385967973807515
-2.318134517714467 -9.54563408613313
-1.790182399188944 -9.920760015794038
-1.2101642424117864 -10.238973627838288
-9.317168092331002 5.907853793806704
-6.85043835366947 7.431341132670118
-2.8503371924618675 -10.079346374957165
1.6341782829486302 -4.545284016449348
-1.5341987455458517 -8.905137295245169
0.6930233694909603 -3.2350594469341503
-8.491973731422952 7.483926428998234
0.8927591555607521 -6.121915420599347
1.2957893208537525 -4.150010634411021
-6.964707177919509 4.81296505903409
-0.8162920461917239 -3.362397630208541
-2.0205277991844497 -10.426177030756133
1.5975860861648212 -5.665607462803267
-1.8843173722423878 -10.25738481158837
1.448741187008991 -4.464589942655708
-6.586379853838034 5.487218097742234
-0.3077061632557957 -3.694113875658245
-1.7057785367273488 -10.326543792712632
-2.2813466574752996 -9.237229559916042
-2.2242766284645774 -10.32033676680042
-6.73434699865715 5.339393668019005
0.5590323767279353 -5.016018089510905
0.1354671436743128 -4.850061222460992
-3.303177884612505 -10.733309922484196
-3.4068253855726836 -10.26096440541491
-7.013947209328867 6.221836152810927
-2.699528556967812 -10.240616522881057
-9.122790653736534 4.199334527348928
-3.8409697367721836 -10.944056132294117
-8.017047933690275 7.744266740021284
-9.080983093720203 6.060142327434286
-7.160740612656827 4.123805867666013
-8.017758694727839 6.113493609032394
-8.241047803902303 6.451689992460401
-1.637377404748478 -10.353196970625607
-5.127894288376225 7.113284229552533
-6.546249157762264 4.519795285297889
-3.292166274983087 -8.300554686545818
-7.369047594497559 6.050326254739417
0.3182606541073846 -4.379929559086513
-3.748746411457275 -8.12328628144678
-7.358252608139022 6.943191721998175
1.0637380132215375 -3.452029404671392
-1.0459479280799466 -9.970553681855382
-0.9531312295294103 -6.379516268929122
-6.988817736523443 6.711717544038082
-1.9789163775266838 -10.211898482097789
-7.530902816139977 7.053246859586515
-2.846880823827526 -9.548845200751492
-0.5979524102457173 -2.9374658129226185
-0.7600998247893598 -11.62635226099276
-2.5251101075777056 -9.156556676633828
-1.375242404475726 -11.025918420252113
-7.866246674114731 5.058426553731281
-6.79994121934864 6.34270971171151
-8.572839302440075 5.948310451384841
-0.16368284665531702 -3.082632939593374
-9.549099386002304 4.971782816345321
-0.9909987803250588 -11.136197092297925
0.17904215104787924 -3.7253395026614537
-0.06602975028517177 -4.777656324565389
-8.216240426979429 4.4148247774785725
-0.5844629349196686 -4.326801438424301
-0.9632088305188176 -7.169545559783375
-1.3408470766450515 -2.241007138413821
-0.9103398233258428 -10.3861360783711
-6.520902755691514 5.112442403627715
0.3618781490846032 -4.9175447752045685
-1.9597427177157312 -9.342157859558618
-1.1113803772433137 -7.2574507055633255
-8.580668259842914 4.558846419216077
-0.8185558468811485 -5.158676049792791
-0.5948113748060353 -10.040677561508833
-3.826338875348312 -9.873071420551936
0.4206514730396094 -4.765780079542825
-0.019777771850456538 -5.043141624833404
-2.2543831223377855 -10.119343794836716
-10.550342990916125 5.338809984970144
-5.157945343719219 -10.539515162382457
-7.472519214557301 6.307728894851984
-1.5080757310316142 -5.408753422656165
-1.3378496438151608 -9.442414115181405
-0.9772066899723044 -9.922390757970323
-1.125091314448122 -3.2268325255137142
-6.912585508815486 5.356633220577287
-6.250496604858078 4.893868680650181
-0.7797844599120758 -10.96751886346084
-0.8026851654678756 -4.755749756076301
-0.7896103940896477 -3.7177691020518893
-9.597376242769764 5.60933954941718
0.27331474417201335 -5.727616119622958
-9.124277091183354 5.50229660828136
0.2586189942373609 -5.264143007461602
0.5993330127307313 -3.4348549649486966
-2.362189232995249 -10.080152612859603
-0.5269593581301228 -3.8866656036648735
-0.43796277680928575 -9.676596656721404
-8.290905680818664 5.99573086182934
0.9588581217643555 -6.971802104603684
-1.2992626750537846 -6.58433066814522
-0.20327792272390088 -3.219064761582665
-6.5647716071387565 6.423130566610547
0.7638824653962873 -2.426744504327522
-1.3190204640205303 -5.184278775209644
0.2963179299246198 -4.453071746005671
-7.13567399002573 5.647768780217541