8 24 4
1.172728344105691 -0.018015134692164127 -0.5243794738356915 -0.1264063325411966 0.38170764889754377 -0.34656386842121123 0.4221127639583735 -2.8641755635623065 -0.38612215065719185 -0.0019405663385157045 -0.09882550665643572 -0.0683717793742761 2.2283295390418987 0.19214214235846358 0.6210092600221732 1.1931035501384921 1.8065857508707353 1.3051199904114656 -0.6370211636120338 -0.25231306440355017 -0.30790727072871293 -0.607073359931554 0.15347695156484986 -0.10860295950062163
1.4474892018178767 -0.5418566769597839 -3.4012173462238513 1.7859545942102155 0.37937696995353537 -3.434700373794729 -0.7404211980537252 -4.130112950201594
-1.0108283246260157 0.16235925041852126 1.001008635116612 0.07025235333392246 2.717292675092658 -2.7571864690520425 1.8269468849844757 5.355090724670038
2.0737737838207795 0.5033227501076981 -0.7708869211779621 1.643906795343653 1.0752017714160222 0.5165915817697345 4.056287994736804 -1.4526812275161665
-2.5757434920496447 2.5023952058871695 -0.6171605490006441 -2.7355328879295007 1.059593003748094 0.3301529227494265 -3.164309077624055 1.0899801651559646
-3.1524036781523006 3.6480465607528534 -0.5310001622830837 3.7399196356192426 -0.4925762171726101 -1.6805017544340186 3.1729071041760273 -1.1379026869181654
-0.8832131461961767 -1.5736367211555753 -2.524125217441365 2.071042439182788 -2.046215371804797 -0.9377135108884398 -3.0991152527364427 1.2946801893867133
-1.1578503880808815 2.106793342019797 0.44388475154485674 0.15598227609578855 -0.45807904242348046 0.4206849918824068 -3.06500262121239 -0.905469341179951
-4.835015927689594 0.9833389825614895 1.7837324176259044 -1.4641707030584723 -0.7256416667129982 -1.4665924272436683 1.777846344101546 1.9530354178170626
-3.543988104224531 -0.7024476229756242 -1.967852988602396 -0.41663045852443453 1.1809917703957848 -0.2690610844837429 -0.057903539202687315 -0.7532582466538005
-4.457740542122276 0.3796856961551276 0.6019859323260415 3.09682962555275 0.9137278455629574 -0.13020394455676154 -1.0467020690369822 0.1273965241827901
-2.763029703047806 -0.7717341966239878 -1.853584587454606 -0.08694072764123562 -0.6592387827456071 -0.8509508486321605 1.1352645865575188 -1.6766336392535868
1.0438070732026266 1.2478606622321344 -0.3596167754003659 -0.8049798946789006 -1.5311016798537818 -0.7846578140484621 -0.6164247076741852 2.9860825515184466
-3.4909744996246106 1.2908116464328674 -0.20045017278961608 0.035829395459406735 -0.05517318119546885 -0.3229048625543329 0.018632004275926164 -0.07890617462838723
1.9422159475009768 -2.207551873573128 -0.9471522829814398 4.132253785860746 0.5890530139998968 -0.3689509019956429 -2.318096330741636 1.5084701455097678
-0.5967612731381575 -1.4336863526032437 2.740452494190574 0.5330952744501575 2.8569584259402165 -0.045539353219770484 -2.1401547664598444 -2.434242706733843
-0.39846369724890934 3.5235360240982843 -2.112502282554238 -3.0875841466820835 0.9886894552646452 -0.5839828006351502 -1.1532077949969306 -0.7049860739370002
0.7389971386103722 -1.4488605143651836 0.826878991985776 0.9786519647506562 -0.7581678452305575 -0.5171155001259335 -0.6381133165313511 0.24922390036173275
-2.8777524957897778 1.7614270040689832 -0.3297981768157791 -2.5425256476634592 0.011176859125448413 -0.06008566124829973 -1.8887225882993945 -3.76759944979373
3.646011148627856 -0.4296938101216956 -1.3108325359104918 -2.974921485051383 -1.1429956476207346 1.3434002595467078 -0.0877136642155627 1.074739241846538
-0.08881599386113154 0.5494108978649528 -0.8108593403262251 -0.37365710915558314 4.767398865259025 -0.7051033122319231 -0.5369694149099645 -2.5365578832682485
-0.19629805729065186 -5.928427830040899 -0.5309241623486327 -3.864257904456135 0.9401996341070066 1.0755992300604773 0.38135210133701725 2.1611922694717727
-0.26200546212930814 0.3716244405287635 2.1946663777258912 -0.13271772805715684 -2.2426133642338444 4.47393042696027 2.4231773447237073 -0.11831711063455823
0.28560028865151316 -2.5942383183697046 1.9923188996802468 -1.2593446105523451 0.43562940894191193 -1.9185324677173827 0.5357842426821043 -0.2903423041345507
2.292814681058559 -2.7749247182293564 0.2661766622487001 1.2702910807413565 -1.151390461729053 -0.19734390333844723 -0.4577615589935462 -0.19640719819422406
0.950063978232755 4.662392336261948 -2.019965060333451 -0.3338992818263901
-0.7669011415900071 -1.0260628996249934 -1.767671057565721 1.1216584947962962 0.7546628822215147 -0.21932160530327427 0.5236302365528782 0.023573330298159723 4.4669209351917125 1.7651156729532405 0.14782910841215002 0.5113464873948751 1.772031698640638 -0.4704590991986089 -0.16936208492303978 -1.6017541075359818 0.043172751417374436 0.7786648282895197 -1.3698746618024855 -0.13014031802597714 0.3343771208559291 -0.06933478466283224 0.015347157738501448 0.581216987340821
-0.5093673797788996 -0.48423745937453916 -1.5216185077046973 -0.31792183495903853 -0.5577593555373312 0.3798407215333031 -1.9661310265747374 -2.5200905839842416 0.665162494299789 0.39058137675324184 -0.044471686152663385 -0.009302353891228965 -2.607805078730324 -0.2859163875739546 0.30621225190897816 -1.3411272653669533 0.8962421655576193 -1.0661020565757753 0.779600372997669 -0.5199946046771458 -0.03307896105616126 0.13618809646300736 0.4760647625052734 1.345252655651503
2.572713035731119 -1.0756818679621898 1.079144688274912 -0.5312109586683013 0.2895183554621473 0.3965261794428692 1.00039245622141 -2.598067582095717 0.3860370328466265 0.4862658747946201 0.7850401895752241 2.333083425743392 -1.1396936544830107 0.528356082374192 -0.04164623544732893 0.6139447549217969 0.7132578472369172 -0.5616250566408797 1.6143431634638625 0.06660592692404485 -1.3692975172127702 -2.5462394981711727 -0.30028022979108443 0.15559704820032774
-0.32104411146145057 -0.3529981153354956 1.0938846021874737 0.7348724447360844 0.20615632993190275 -1.5159485270771884 -0.7337743230349323 -0.18730810173270646 -0.5746802436989755 -0.006755898239622115 -0.3833505351707689 0.4233780970767862 -0.83878576403074 -1.091374774101235 -0.13846064512329118 0.9427795611594082 -1.0291312955062268 1.225651254582203 1.645052429329943 -0.3083068873296997 0.5232920142886507 1.2392783804738476 0.40240948043107694 -0.6427130842401287
# META: {"created_at":"2025-12-11T10:01:02.836127","training":{"iterations":20,"population":400,"selection":50,"crossover":0.8,"mutation":2.0,"nb_games":10,"hidden_layer":24},"environment":{"grid_size":10},"performance":{"best_score":0.960000,"training_time":2586}}