8 24 4
0.8151831062622718 0.048133275037272466 -0.391971777205871 0.3677664155626996 0.8605117852747247 -0.9857734341696075 0.502733341939578 -0.5535271286170724 -2.074017199021854 -0.14913640188494096 -1.1285743990853674 3.872896416472768 0.7540807812583978 0.40859367542626396 0.49045833424375485 -2.4729372038845594 -0.8384934122838021 0.46720920088029905 0.7567653562632614 0.4690417751299072 1.103645341553933 -0.844913059153887 1.049419792476334 0.6125627700344205
1.2065760991232586 1.0037114373918807 2.411184786819575 -2.876313072739804 0.5460725902319213 -0.4351824202647832 5.065233294833779 -0.41687067092207075
2.094670227112444 -5.505215548936702 3.2046951438882387 -2.7381725206022107 -0.04468902647412876 2.0759898107242423 -0.08965380522608005 0.7878391981806037
0.8905824682933492 1.7894424333569907 0.13651781987142747 0.5716598438420001 -1.4230169628750244 -0.2847982688013062 3.290864191184909 2.046602207787436
-1.3755560670233207 -0.05596949139934282 -3.5445969406531437 2.312364365305751 0.3755379667253781 -1.0873814593918296 -0.03682774351307483 0.4347428699232571
2.416956167384951 -1.700804290501965 -5.821609118291972 1.537710839741846 -3.7395251299192753 -2.2970580860205563 0.9405351840594673 -0.0799278370364761
-4.417523454620982 0.43991353709681197 1.079545039234036 -2.7254050036224795 0.9013167840816714 0.41703194085233797 0.7975644753170275 1.833858541642373
0.05678418857603647 -1.4725045014123879 5.2478130328981365 2.4079816925891544 2.0813321069251014 5.8854256014720905 -1.020903862930811 -2.472238136250436
-1.045795063910444 -1.637669544767735 2.805218393767571 -0.5550811416952952 1.046848211901342 -6.276253446172221 -2.4502795957966077 -3.6281771419778996
0.5429301980414794 -2.698162915785156 2.3822365227919886 1.2002180438567722 0.166490905165396 2.0783099980767243 0.267500955915098 -2.2708942357501165
0.2983418397826667 0.01727061775944548 -0.7385746374397283 -5.231587498721415 2.843531170350209 1.2350592833844614 0.16733239774049377 1.9465146143923262
-0.07103406938755828 1.1100535615817977 3.437212817764803 -3.4794992681336723 1.5275919531561235 -0.39077312282661025 0.20396549161883237 -0.17800001036514074
1.6213744752104877 0.703096721088917 -1.9728021776188558 0.3517093072174525 1.9724652273154362 0.5000851287968977 -0.6784225208987411 0.2670919415203582
0.8566155765733047 0.2696668499610395 -0.11027896307327793 1.7913129092184463 -4.350062555879581 4.670238685819034 -1.2518469584017635 -0.7277691171790885
3.2918080244046912 -1.2492301249028737 -2.97551769336077 -0.03485180737611946 -0.25760870398815183 1.0391108247844643 -0.07970144733886726 0.16306463023556295
0.9211039803295338 0.5414980205451179 1.5831394513623893 2.6182855794309656 0.5463837429242142 -0.3032948209298365 -0.38574285729494795 -0.9706462145628939
1.6180796305377632 -0.020545385033616914 -0.22722344367925695 1.0273332558211228 0.49334174653320145 1.6262276096313748 -1.696223579023905 0.7281164658621444
-1.7438253677730136 -2.6134020877431268 3.1054983484233594 -1.51421806410623 -1.5002983263383707 -0.6661061225562419 1.9885932969875524 -3.0034104334975535
0.14395336347628507 0.9251299967209077 -1.1377508111565962 -0.3204161016565332 2.2918536431271934 -1.0491532500327885 -2.7346030195250015 -1.0356461277304365
1.0084978638719562 0.3037485601247252 -0.8742016753193802 2.3868028762086233 0.6845332012418464 1.5386179351242417 -0.23479303541906726 1.3417970879298693
-0.27809903086641513 -1.1631059761761922 -0.474604431023511 4.728644264450578 1.2811930596377414 1.2746023576299856 -1.0205857669099063 -0.870151643670469
-2.120540678585895 -2.1818456668235005 0.8815171041544174 -1.9977855317730682 1.3417610951805765 0.0541583805416134 -1.7432299300834666 -2.5951467724538992
0.02843134817406879 2.3695234168455257 -0.13543620545261886 0.5715711805974526 1.8762835101524948 -4.357671343461055 -1.3991118760153256 -1.3340392902044058
0.9114994536091399 2.9920915935633543 -3.8139122839763364 1.5501209995832521 -1.6167020411294457 -0.35715238845555886 -0.8406822925409192 2.0209665960114642
-5.859570772124311 -0.4476174460647902 3.7616680741277655 -0.9458369545208132 -0.40205137248893275 -3.3893548781449376 0.20786464503988156 0.9535730937407171
-0.16733400544212435 0.3204305349342254 -0.9543029660845064 -0.27668193836833094
-1.2059281476839678 -1.5199008523801707 0.0018393438584136945 1.4553261040925909 -0.37212683158620796 0.4018484593531788 0.28437721981493075 -0.6080527554277463 1.5666994759292439 0.12279838789899265 0.4813176423776402 0.29641167762440995 -1.608813446787381 -0.5904957570217475 0.8531261959346217 0.9498119604243169 -0.8878832410686154 -0.6484782272028831 0.7623796088635797 1.0247141810891423 -0.6871066672654291 0.4417772941058291 -0.2145303572888434 1.4282711026739343
-0.2631810284430308 2.588544894897208 -0.07777330006890448 -0.7952047696005684 1.8853452188910604 -1.4941902648856409 -0.10162790038616301 -0.6345036139157825 0.9937636927821292 -2.2278121750689026 -1.443895852796241 -0.4858340753124425 -0.12908434621556436 -1.298373668392517 0.7500915548112165 -0.03544755218192056 0.07954561724557878 -0.28904664582751405 0.2997505328469392 0.07461216785075188 -0.3573337260077377 0.06386971152118058 -0.5376369993015003 -0.2638999533550537
1.3523255077058942 -0.9356819547177553 -0.4708309267980911 2.6801867087689106 1.7631730084746058 -0.5393966401490262 -0.5865327334015669 1.0556350041871934 1.0003654435861717 0.13477617775948114 -1.4906424724696055 -0.2658646159023763 -0.7153569431241917 2.6676804934749008 -0.8612195011227481 -1.6535987572603923 -1.492295631296607 -0.874895751747445 -0.15131054973357094 0.9953920455393197 -0.2686181342888684 -0.0978067197635025 0.4301312831663257 -1.2754050352411486
0.4611275418654594 -0.488213146623525 1.589242740244348 -2.20321695866724 -2.341716811950385 0.19683124338766095 -0.05233460579921878 0.6157696040459434 -0.36738807852019795 1.3150038753495017 2.8551090068826155 -0.2967123154935309 0.3535968497588464 -0.38434391226620934 -0.22672038055772148 1.5521455832667246 -1.1626955210162802 0.8943242025248809 -0.6037617639004079 -2.865984004085216 -0.2542863080749429 0.17346832195686804 0.5622080304620576 0.7113205784925392
# META: {"created_at":"2025-12-16T12:21:52.788679","training":{"iterations":1000,"population":400,"selection":50,"crossover":0.8,"mutation":2.0,"nb_games":10,"hidden_layer":24},"environment":{"grid_size":10},"performance":{"best_score":0.96,"training_time":9894}}
